20100511,103000,1615.00000,1617.88000,1604.00000,1609.00000,134828
20100511,103500,1609.00000,1611.82000,1604.00000,1610.90000,88550
20100511,104000,1610.90000,1611.60000,1608.01000,1608.39000,57288
20100511,104500,1608.01000,1610.87000,1604.00000,1604.25000,48365
20100511,105000,1604.00000,1607.04000,1603.52000,1606.50000,22813
20100511,105500,1606.00000,1608.68000,1603.52000,1605.93000,35695
20100511,110000,1605.00000,1605.00000,1600.13000,1602.00000,50638
20100511,110500,1602.00000,1604.00000,1602.00000,1602.12000,15882
20100511,111000,1602.14000,1605.85000,1602.00000,1603.19000,38814
20100511,111500,1604.00000,1615.00000,1603.50000,1613.06000,71575
20100511,112000,1613.91000,1615.53000,1610.99000,1612.00000,50522
20100511,112500,1610.96000,1616.00000,1606.97000,1607.22000,40394
20100511,113000,1607.22000,1613.00000,1607.22000,1612.94000,28508
20100511,113500,1612.95000,1620.00000,1612.95000,1617.76000,57636
20100511,114000,1618.95000,1619.71000,1616.93000,1616.93000,7760
20100511,114500,1615.85000,1618.00000,1615.00000,1616.06000,25360
20100511,115000,1616.05000,1620.60000,1616.05000,1618.24000,32076
20100511,115500,1618.23000,1618.44000,1612.39000,1614.73000,13724
20100511,120000,1614.67000,1617.89000,1611.12000,1611.12000,11138
20100511,120500,1612.26000,1614.68000,1610.00000,1614.50000,9198
20100511,121000,1614.50000,1615.00000,1612.23000,1614.90000,12287
20100511,121500,1614.90000,1617.50000,1612.88000,1614.95000,13518
20100511,122000,1614.91000,1615.00000,1609.24000,1610.00000,33153
20100511,122500,1609.50000,1613.00000,1609.22000,1609.22000,24250
20100511,123000,1609.24000,1611.98000,1609.24000,1610.69000,9577
20100511,123500,1610.69000,1611.62000,1610.00000,1610.00000,10268
20100511,124000,1609.99000,1609.99000,1607.02000,1607.50000,23736
20100511,124500,1607.45000,1607.88000,1606.52000,1607.00000,26076
20100511,125000,1606.98000,1608.94000,1604.00000,1605.00000,14846
20100511,125500,1604.63000,1605.90000,1603.53000,1603.77000,25117
20100511,130000,1603.60000,1603.77000,1601.03000,1603.76000,26418
20100511,130500,1603.77000,1605.00000,1600.33000,1601.50000,17231
20100511,131000,1601.29000,1603.96000,1600.26000,1603.40000,5840
20100511,131500,1603.28000,1608.46000,1602.65000,1608.45000,13264
20100511,132000,1608.45000,1609.72000,1605.50000,1607.87000,13679
20100511,132500,1607.86000,1608.20000,1605.50000,1606.27000,3782
20100511,133000,1606.00000,1606.27000,1605.50000,1605.50000,4851
20100511,133500,1605.51000,1607.81000,1605.50000,1606.00000,4044
20100511,134000,1606.00000,1607.48000,1605.56000,1607.25000,1965
20100511,134500,1607.10000,1608.95000,1607.10000,1608.00000,10497
20100511,135000,1608.00000,1608.77000,1606.73000,1608.63000,1546
20100511,135500,1607.93000,1610.00000,1607.89000,1608.90000,5018
20100511,140000,1609.09000,1610.10000,1608.06000,1610.10000,2671
20100511,140500,1610.09000,1613.15000,1610.00000,1612.45000,6356
20100511,141000,1612.50000,1613.00000,1609.00000,1611.80000,6472
20100511,141500,1611.00000,1611.36000,1606.06000,1607.55000,11024
20100511,142000,1607.55000,1609.86000,1606.00000,1606.00000,4231
20100511,142500,1605.65000,1605.99000,1604.98000,1605.99000,9633
20100511,143000,1605.72000,1607.00000,1602.86000,1605.99000,6336
20100511,143500,1605.97000,1605.97000,1603.08000,1604.00000,2200
20100511,144000,1603.95000,1606.71000,1603.31000,1604.36000,5831
20100511,144500,1604.72000,1605.55000,1604.00000,1604.83000,823
20100511,145000,1604.77000,1606.77000,1604.01000,1605.77000,4797
20100511,145500,1605.77000,1606.30000,1604.00000,1604.00000,7047
20100511,150000,1603.55000,1605.14000,1601.21000,1603.02000,15669
20100511,150500,1602.28000,1605.99000,1601.50000,1604.12000,5151
20100511,151000,1603.51000,1605.00000,1602.23000,1604.00000,13227
20100511,151500,1604.00000,1604.64000,1601.68000,1603.36000,17717
20100511,152000,1603.34000,1603.99000,1601.71000,1603.65000,1372
20100511,152500,1603.65000,1605.00000,1602.99000,1604.86000,5210
20100511,153000,1604.00000,1605.70000,1603.59000,1605.37000,2988
20100511,153500,1605.50000,1606.90000,1605.00000,1605.50000,3650
20100511,154000,1605.50000,1609.00000,1605.50000,1608.32000,8216
20100511,154500,1608.48000,1608.48000,1604.10000,1606.17000,1217
20100511,155000,1606.17000,1606.17000,1604.15000,1605.00000,1462
20100511,155500,1604.63000,1604.63000,1602.00000,1602.11000,5000
20100511,160000,1602.58000,1604.98000,1602.00000,1604.98000,2781
20100511,160500,1604.90000,1608.61000,1602.66000,1608.61000,7469
20100511,161000,1608.60000,1608.61000,1603.00000,1603.95000,4051
20100511,161500,1603.11000,1603.88000,1601.67000,1602.48000,12419
20100511,162000,1602.00000,1602.45000,1601.10000,1601.50000,15928
20100511,162500,1601.53000,1602.36000,1600.26000,1601.94000,16663
20100511,163000,1601.89000,1601.99000,1595.10000,1597.81000,43123
20100511,163500,1597.14000,1600.79000,1595.41000,1600.02000,18584
20100511,164000,1600.61000,1603.00000,1599.02000,1601.10000,5138
20100511,164500,1600.89000,1600.89000,1597.58000,1598.00000,9685
20100511,165000,1598.01000,1598.58000,1597.00000,1597.59000,17895
20100511,165500,1597.01000,1598.00000,1595.20000,1595.97000,15912
20100511,170000,1596.05000,1598.92000,1595.00000,1597.56000,56383
20100511,170500,1597.91000,1598.96000,1596.51000,1598.96000,5511
20100511,171000,1599.44000,1600.00000,1596.78000,1599.32000,33047
20100511,171500,1599.32000,1600.00000,1598.79000,1600.00000,3932
20100511,172000,1599.98000,1601.00000,1598.80000,1601.00000,8331
20100511,172500,1601.00000,1603.99000,1600.00000,1602.97000,10354
20100511,173000,1603.90000,1604.00000,1600.33000,1602.20000,20433
20100511,173500,1602.36000,1604.51000,1600.64000,1602.00000,19971
20100511,174000,1601.99000,1601.99000,1600.13000,1600.39000,8666
20100511,174500,1600.95000,1603.00000,1591.25000,1593.40000,56464
20100511,175000,1593.40000,1598.55000,1591.25000,1598.00000,12902
20100511,175500,1598.00000,1599.89000,1597.00000,1598.94000,9778
20100511,180000,1598.93000,1602.60000,1596.47000,1597.10000,18485
20100511,180500,1598.52000,1600.00000,1597.11000,1599.99000,5376
20100511,181000,1600.21000,1601.64000,1598.70000,1601.10000,2434
20100511,181500,1601.43000,1603.00000,1600.13000,1600.43000,6405
20100511,182000,1601.44000,1605.00000,1600.15000,1603.93000,10996
20100511,182500,1603.06000,1610.50000,1602.80000,1607.36000,27200
20100511,183000,1607.45000,1608.44000,1603.08000,1606.09000,19220
20100511,183500,1606.09000,1607.00000,1603.00000,1605.00000,41696
20100511,184000,1605.00000,1610.00000,1604.07000,1605.01000,41858
20100512,103000,1594.75000,1598.79000,1587.01000,1598.37000,19406
20100512,103500,1598.35000,1600.99000,1597.53000,1599.47000,23256
20100512,104000,1599.00000,1601.89000,1597.64000,1600.70000,14212
20100512,104500,1600.12000,1600.95000,1595.61000,1597.00000,11277
20100512,105000,1596.96000,1596.96000,1593.71000,1594.10000,6587
20100512,105500,1594.10000,1596.49000,1594.09000,1595.89000,8462
20100512,110000,1595.89000,1599.60000,1595.89000,1598.40000,14945
20100512,110500,1598.40000,1601.71000,1597.47000,1599.26000,30311
20100512,111000,1598.02000,1603.00000,1597.73000,1602.62000,9990
20100512,111500,1602.62000,1604.94000,1601.17000,1601.50000,33617
20100512,112000,1601.50000,1604.79000,1601.50000,1603.98000,10140
20100512,112500,1603.08000,1606.50000,1601.79000,1605.20000,25161
20100512,113000,1605.45000,1611.00000,1605.45000,1610.52000,25255
20100512,113500,1610.52000,1615.00000,1609.97000,1612.00000,30736
20100512,114000,1611.99000,1613.50000,1611.00000,1612.00000,25571
20100512,114500,1611.15000,1617.88000,1610.80000,1614.96000,56227
20100512,115000,1614.11000,1615.00000,1612.43000,1613.76000,9550
20100512,115500,1613.77000,1616.00000,1613.30000,1616.00000,24999
20100512,120000,1616.00000,1620.00000,1615.26000,1619.35000,52473
20100512,120500,1619.35000,1620.00000,1613.61000,1619.00000,35890
20100512,121000,1619.00000,1630.00000,1617.71000,1626.28000,93063
20100512,121500,1626.28000,1630.00000,1619.00000,1619.00000,40084
20100512,122000,1619.16000,1621.00000,1617.29000,1619.50000,34693
20100512,122500,1619.50000,1623.75000,1619.00000,1622.99000,13237
20100512,123000,1622.51000,1623.59000,1617.00000,1617.54000,56327
20100512,123500,1617.79000,1621.62000,1617.61000,1619.98000,37306
20100512,124000,1619.98000,1620.00000,1618.00000,1618.79000,22785
20100512,124500,1618.17000,1618.17000,1613.25000,1613.42000,25501
20100512,125000,1613.42000,1615.24000,1612.00000,1614.50000,10358
20100512,125500,1614.50000,1615.80000,1613.08000,1613.43000,4837
20100512,130000,1613.44000,1614.79000,1611.30000,1612.00000,24419
20100512,130500,1611.99000,1611.99000,1605.43000,1610.54000,46822
20100512,131000,1610.50000,1614.39000,1608.12000,1611.00000,13724
20100512,131500,1611.04000,1613.69000,1609.24000,1613.00000,13026
20100512,132000,1613.00000,1614.51000,1611.45000,1612.93000,8091
20100512,132500,1612.50000,1612.92000,1610.28000,1611.98000,7413
20100512,133000,1611.43000,1611.43000,1609.35000,1610.21000,9362
20100512,133500,1610.20000,1610.21000,1605.34000,1605.34000,9396
20100512,134000,1605.90000,1608.00000,1602.00000,1602.63000,42687
20100512,134500,1602.97000,1608.00000,1602.51000,1607.92000,25907
20100512,135000,1607.50000,1610.20000,1605.06000,1606.20000,34279
20100512,135500,1606.13000,1608.00000,1605.06000,1607.71000,18439
20100512,140000,1607.61000,1609.94000,1605.01000,1609.59000,6996
20100512,140500,1609.82000,1615.00000,1608.08000,1612.18000,21755
20100512,141000,1612.25000,1614.29000,1611.12000,1613.00000,6646
20100512,141500,1612.94000,1613.00000,1608.00000,1612.12000,16485
20100512,142000,1612.27000,1612.27000,1606.37000,1610.08000,9666
20100512,142500,1610.07000,1611.00000,1607.24000,1609.91000,6791
20100512,143000,1609.87000,1613.00000,1608.69000,1613.00000,8762
20100512,143500,1613.01000,1613.50000,1608.30000,1611.46000,4487
20100512,144000,1608.59000,1611.75000,1608.59000,1611.74000,5495
20100512,144500,1611.75000,1611.75000,1609.03000,1609.99000,5036
20100512,145000,1609.97000,1614.94000,1609.55000,1610.70000,21412
20100512,145500,1610.80000,1612.05000,1607.13000,1607.21000,11374
20100512,150000,1607.30000,1609.49000,1607.00000,1608.46000,7597
20100512,150500,1608.39000,1609.87000,1607.44000,1609.80000,4205
20100512,151000,1609.49000,1611.79000,1608.64000,1609.99000,9013
20100512,151500,1609.46000,1611.97000,1609.00000,1611.97000,2538
20100512,152000,1611.97000,1612.30000,1608.01000,1611.83000,29412
20100512,152500,1611.83000,1614.00000,1611.24000,1613.79000,14065
20100512,153000,1613.80000,1614.42000,1610.52000,1611.00000,13579
20100512,153500,1611.00000,1614.45000,1610.05000,1614.45000,27825
20100512,154000,1613.58000,1617.00000,1612.33000,1616.94000,23527
20100512,154500,1616.16000,1617.77000,1615.81000,1617.77000,16581
20100512,155000,1617.76000,1619.77000,1616.84000,1618.14000,24621
20100512,155500,1618.15000,1618.42000,1615.00000,1615.00000,28182
20100512,160000,1615.00000,1616.04000,1614.17000,1615.74000,23043
20100512,160500,1615.73000,1622.00000,1614.41000,1621.00000,67761
20100512,161000,1621.01000,1621.70000,1619.61000,1620.10000,22565
20100512,161500,1620.16000,1620.16000,1615.35000,1617.99000,30346
20100512,162000,1617.85000,1619.30000,1616.99000,1617.44000,5291
20100512,162500,1618.46000,1624.92000,1618.46000,1622.09000,21182
20100512,163000,1622.01000,1622.88000,1616.53000,1621.00000,23979
20100512,163500,1621.00000,1622.00000,1616.15000,1616.78000,15935
20100512,164000,1616.26000,1622.98000,1615.00000,1619.90000,9660
20100512,164500,1620.00000,1623.20000,1620.00000,1622.25000,3734
20100512,165000,1622.27000,1622.50000,1620.00000,1620.00000,3344
20100512,165500,1621.28000,1621.28000,1618.39000,1620.00000,8170
20100512,170000,1620.00000,1622.29000,1620.00000,1620.75000,15892
20100512,170500,1620.75000,1621.00000,1618.58000,1620.95000,10993
20100512,171000,1620.95000,1622.29000,1619.21000,1621.88000,5822
20100512,171500,1622.00000,1623.00000,1620.12000,1620.50000,10153
20100512,172000,1620.50000,1622.87000,1620.01000,1620.94000,11081
20100512,172500,1620.94000,1622.87000,1620.31000,1621.00000,8182
20100512,173000,1621.69000,1622.89000,1615.49000,1617.02000,14056
20100512,173500,1617.40000,1622.91000,1616.33000,1622.05000,20046
20100512,174000,1622.87000,1623.20000,1619.01000,1621.12000,19334
20100512,174500,1621.12000,1621.49000,1619.00000,1619.97000,8145
20100512,175000,1619.93000,1619.94000,1616.25000,1616.56000,13166
20100512,175500,1617.00000,1623.80000,1612.00000,1623.80000,31658
20100512,180000,1623.80000,1626.70000,1623.80000,1626.00000,26284
20100512,180500,1626.00000,1630.00000,1626.00000,1628.47000,43956
20100512,181000,1628.04000,1633.99000,1627.55000,1629.00000,78397
20100512,181500,1629.00000,1632.80000,1626.00000,1630.93000,38801
20100512,182000,1630.50000,1633.13000,1625.16000,1627.55000,24251
20100512,182500,1627.55000,1631.55000,1626.90000,1629.68000,6347
20100512,183000,1629.92000,1631.99000,1626.25000,1630.68000,26602
20100512,183500,1630.00000,1633.13000,1627.00000,1627.47000,42722
20100512,184000,1627.47000,1631.49000,1625.00000,1625.90000,34013
20100513,103000,1635.00000,1639.00000,1627.10000,1629.26000,43966
20100513,103500,1628.24000,1640.00000,1628.01000,1639.98000,27085
20100513,104000,1639.99000,1651.00000,1639.52000,1651.00000,87900
20100513,104500,1651.00000,1652.00000,1645.19000,1646.88000,73615
20100513,105000,1646.88000,1647.81000,1642.10000,1644.00000,28963
20100513,105500,1644.00000,1648.00000,1643.51000,1647.93000,14808
20100513,110000,1647.92000,1649.72000,1644.03000,1644.07000,35827
20100513,110500,1644.92000,1648.00000,1642.09000,1643.05000,16198
20100513,111000,1643.33000,1644.90000,1640.64000,1642.30000,26632
20100513,111500,1642.30000,1644.89000,1640.57000,1640.57000,21232
20100513,112000,1640.57000,1640.57000,1635.70000,1637.75000,21806
20100513,112500,1638.67000,1639.56000,1636.02000,1637.00000,20170
20100513,113000,1637.11000,1637.76000,1631.31000,1631.42000,53518
20100513,113500,1631.31000,1632.78000,1625.57000,1629.18000,68214
20100513,114000,1628.93000,1629.90000,1620.00000,1621.99000,91631
20100513,114500,1621.99000,1623.00000,1620.07000,1620.11000,26903
20100513,115000,1620.11000,1620.35000,1613.13000,1615.00000,74948
20100513,115500,1615.00000,1620.00000,1614.00000,1620.00000,30361
20100513,120000,1620.00000,1622.90000,1618.93000,1621.72000,38558
20100513,120500,1622.50000,1623.91000,1621.71000,1623.00000,71769
20100513,121000,1622.31000,1623.90000,1621.71000,1623.04000,56011
20100513,121500,1623.00000,1623.79000,1617.00000,1619.00000,16085
20100513,122000,1618.58000,1621.77000,1616.20000,1616.20000,9765
20100513,122500,1616.19000,1618.11000,1615.01000,1617.16000,24649
20100513,123000,1617.17000,1617.17000,1610.00000,1610.47000,35745
20100513,123500,1610.47000,1617.88000,1609.20000,1614.87000,22149
20100513,124000,1614.79000,1616.87000,1610.00000,1611.15000,30450
20100513,124500,1611.15000,1612.70000,1606.81000,1612.70000,37480
20100513,125000,1612.04000,1614.09000,1605.22000,1606.00000,70966
20100513,125500,1606.00000,1613.32000,1605.96000,1609.40000,24411
20100513,130000,1608.53000,1609.50000,1604.53000,1608.24000,38850
20100513,130500,1608.00000,1609.00000,1605.99000,1608.00000,15426
20100513,131000,1608.00000,1609.00000,1605.61000,1608.87000,28321
20100513,131500,1608.86000,1609.27000,1605.00000,1606.86000,39750
20100513,132000,1606.86000,1609.70000,1606.02000,1608.92000,12842
20100513,132500,1608.07000,1612.00000,1607.61000,1612.00000,7706
20100513,133000,1611.79000,1611.90000,1606.15000,1606.18000,26878
20100513,133500,1606.17000,1609.73000,1606.01000,1608.34000,5990
20100513,134000,1608.32000,1611.68000,1608.01000,1610.89000,3177
20100513,134500,1610.72000,1612.00000,1610.01000,1612.00000,3546
20100513,135000,1612.00000,1612.00000,1609.00000,1609.00000,2426
20100513,135500,1608.76000,1612.00000,1608.20000,1610.60000,7354
20100513,140000,1611.47000,1613.97000,1609.05000,1610.82000,23693
20100513,140500,1610.86000,1614.84000,1610.86000,1611.79000,22253
20100513,141000,1612.42000,1614.75000,1610.86000,1614.66000,5384
20100513,141500,1614.52000,1615.88000,1613.02000,1613.92000,29196
20100513,142000,1614.85000,1616.00000,1612.41000,1615.69000,13350
20100513,142500,1615.80000,1615.80000,1612.70000,1612.72000,1606
20100513,143000,1612.58000,1613.63000,1611.14000,1611.52000,3850
20100513,143500,1612.11000,1614.26000,1611.00000,1613.39000,8063
20100513,144000,1613.08000,1613.22000,1606.33000,1610.00000,29959
20100513,144500,1610.00000,1613.58000,1608.00000,1608.00000,8735
20100513,145000,1608.21000,1610.68000,1608.00000,1609.80000,2288
20100513,145500,1609.33000,1614.70000,1608.62000,1610.11000,8916
20100513,150000,1610.16000,1611.22000,1608.00000,1608.01000,9643
20100513,150500,1608.01000,1608.01000,1602.00000,1605.99000,49958
20100513,151000,1605.99000,1610.44000,1604.38000,1607.99000,17288
20100513,151500,1607.03000,1611.89000,1606.20000,1610.00000,3885
20100513,152000,1610.00000,1612.80000,1609.02000,1610.06000,4369
20100513,152500,1610.06000,1611.91000,1609.08000,1611.87000,3892
20100513,153000,1611.00000,1613.99000,1610.39000,1612.52000,4326
20100513,153500,1612.85000,1613.36000,1607.00000,1609.83000,8902
20100513,154000,1609.87000,1611.30000,1608.14000,1610.84000,7240
20100513,154500,1610.84000,1614.99000,1608.34000,1611.00000,17287
20100513,155000,1610.92000,1611.00000,1609.00000,1609.00000,16022
20100513,155500,1609.01000,1611.00000,1608.15000,1608.55000,3521
20100513,160000,1608.65000,1611.00000,1608.14000,1611.00000,7203
20100513,160500,1611.00000,1612.00000,1610.24000,1611.25000,15667
20100513,161000,1610.57000,1612.77000,1608.56000,1610.00000,4538
20100513,161500,1610.00000,1611.76000,1610.00000,1611.08000,289
20100513,162000,1611.13000,1611.51000,1609.22000,1609.22000,1825
20100513,162500,1609.13000,1610.99000,1608.81000,1610.08000,1132
20100513,163000,1609.92000,1611.89000,1603.57000,1607.24000,31776
20100513,163500,1607.98000,1607.98000,1602.00000,1602.03000,17108
20100513,164000,1602.20000,1603.30000,1596.13000,1598.94000,55046
20100513,164500,1598.39000,1604.00000,1597.39000,1603.60000,21984
20100513,165000,1603.60000,1607.65000,1601.40000,1607.65000,20713
20100513,165500,1607.62000,1607.88000,1601.00000,1601.00000,31856
20100513,170000,1601.00000,1604.89000,1597.52000,1598.00000,39027
20100513,170500,1598.00000,1602.96000,1597.00000,1600.01000,23962
20100513,171000,1599.94000,1602.96000,1598.35000,1600.53000,15917
20100513,171500,1600.43000,1602.68000,1598.00000,1598.58000,7670
20100513,172000,1598.57000,1602.49000,1596.08000,1598.60000,17934
20100513,172500,1598.59000,1601.67000,1596.35000,1596.73000,6880
20100513,173000,1597.00000,1598.78000,1595.25000,1595.25000,34550
20100513,173500,1595.25000,1598.44000,1590.11000,1594.00000,47747
20100513,174000,1594.88000,1599.95000,1594.00000,1599.95000,13937
20100513,174500,1599.75000,1602.88000,1598.10000,1602.23000,13867
20100513,175000,1602.13000,1603.83000,1599.00000,1601.12000,11432
20100513,175500,1601.15000,1603.78000,1599.00000,1599.00000,8276
20100513,180000,1598.58000,1601.79000,1597.52000,1600.92000,14934
20100513,180500,1599.28000,1600.00000,1594.00000,1600.00000,12391
20100513,181000,1600.00000,1603.34000,1598.33000,1602.72000,12514
20100513,181500,1602.72000,1609.00000,1601.95000,1608.93000,26264
20100513,182000,1608.87000,1609.00000,1603.25000,1607.89000,21137
20100513,182500,1607.89000,1608.39000,1604.22000,1604.22000,7695
20100513,183000,1606.34000,1609.74000,1605.00000,1609.74000,17583
20100513,183500,1608.51000,1614.29000,1608.00000,1610.36000,34461
20100513,184000,1612.74000,1612.74000,1600.00000,1605.72000,54499
20100514,103000,1594.00000,1598.98000,1585.02000,1597.05000,39932
20100514,103500,1596.56000,1604.90000,1595.19000,1602.59000,22624
20100514,104000,1602.64000,1609.99000,1602.36000,1607.26000,38593
20100514,104500,1607.29000,1613.89000,1605.30000,1613.00000,29942
20100514,105000,1612.01000,1614.50000,1607.33000,1609.67000,52090
20100514,105500,1609.70000,1613.70000,1607.21000,1609.06000,20424
20100514,110000,1609.06000,1611.00000,1606.00000,1611.00000,11384
20100514,110500,1610.80000,1615.84000,1607.52000,1607.87000,36189
20100514,111000,1607.57000,1610.58000,1606.10000,1608.89000,24057
20100514,111500,1608.89000,1609.80000,1597.06000,1598.64000,98171
20100514,112000,1598.01000,1602.58000,1597.00000,1598.51000,38128
20100514,112500,1599.00000,1602.00000,1598.00000,1598.00000,29453
20100514,113000,1598.00000,1598.86000,1593.00000,1598.30000,34981
20100514,113500,1598.40000,1599.81000,1597.00000,1597.32000,8255
20100514,114000,1597.32000,1601.85000,1595.25000,1595.52000,28179
20100514,114500,1595.35000,1597.94000,1593.20000,1596.99000,39239
20100514,115000,1596.95000,1599.68000,1595.00000,1599.68000,43511
20100514,115500,1599.66000,1601.48000,1598.13000,1601.00000,7223
20100514,120000,1601.00000,1601.00000,1595.07000,1597.38000,18726
20100514,120500,1597.00000,1597.53000,1595.00000,1597.00000,7077
20100514,121000,1596.74000,1602.00000,1594.21000,1600.00000,16455
20100514,121500,1601.11000,1602.00000,1598.21000,1599.49000,3174
20100514,122000,1599.76000,1600.89000,1598.21000,1598.58000,7873
20100514,122500,1598.59000,1601.66000,1597.12000,1600.00000,9336
20100514,123000,1600.00000,1604.00000,1599.41000,1603.90000,10183
20100514,123500,1603.89000,1603.90000,1601.33000,1603.48000,3287
20100514,124000,1603.44000,1603.44000,1599.37000,1601.34000,3714
20100514,124500,1600.78000,1602.00000,1600.35000,1601.52000,1477
20100514,125000,1600.67000,1603.90000,1600.50000,1601.58000,4453
20100514,125500,1601.60000,1603.90000,1599.88000,1600.12000,16007
20100514,130000,1600.86000,1603.70000,1596.46000,1597.00000,24544
20100514,130500,1597.95000,1599.87000,1594.21000,1596.71000,41099
20100514,131000,1596.34000,1598.46000,1595.55000,1598.30000,2739
20100514,131500,1597.55000,1598.94000,1596.00000,1597.99000,13976
20100514,132000,1596.90000,1598.50000,1596.00000,1597.40000,21676
20100514,132500,1597.63000,1599.84000,1596.62000,1598.21000,5676
20100514,133000,1598.89000,1601.00000,1597.13000,1597.46000,10531
20100514,133500,1598.74000,1600.66000,1596.00000,1597.43000,34999
20100514,134000,1597.43000,1598.00000,1594.22000,1595.00000,12166
20100514,134500,1595.00000,1596.98000,1592.24000,1596.00000,16004
20100514,135000,1594.23000,1596.00000,1591.11000,1595.00000,17479
20100514,135500,1595.00000,1597.00000,1592.00000,1595.79000,42603
20100514,140000,1595.10000,1595.49000,1592.50000,1593.07000,9966
20100514,140500,1593.07000,1595.42000,1592.80000,1594.80000,7642
20100514,141000,1593.99000,1597.00000,1592.50000,1596.94000,6545
20100514,141500,1596.81000,1597.10000,1593.37000,1593.58000,15002
20100514,142000,1593.58000,1597.14000,1592.69000,1592.87000,18396
20100514,142500,1592.87000,1594.85000,1592.50000,1592.61000,8135
20100514,143000,1592.62000,1593.14000,1588.63000,1589.08000,58875
20100514,143500,1589.43000,1590.32000,1587.00000,1588.94000,12965
20100514,144000,1589.00000,1591.20000,1589.00000,1589.31000,1581
20100514,144500,1589.19000,1592.95000,1585.15000,1586.35000,28160
20100514,145000,1586.35000,1588.75000,1584.01000,1588.59000,54232
20100514,145500,1588.30000,1588.75000,1587.60000,1588.00000,18015
20100514,150000,1588.00000,1588.06000,1584.12000,1587.00000,13998
20100514,150500,1587.00000,1590.70000,1586.06000,1590.69000,20582
20100514,151000,1590.00000,1591.00000,1587.56000,1590.34000,4005
20100514,151500,1590.34000,1590.34000,1587.17000,1588.70000,3767
20100514,152000,1589.00000,1590.52000,1587.39000,1589.40000,3345
20100514,152500,1589.01000,1590.00000,1589.01000,1589.23000,5836
20100514,153000,1589.23000,1592.40000,1587.37000,1591.99000,15718
20100514,153500,1591.99000,1593.70000,1590.28000,1593.70000,4094
20100514,154000,1593.11000,1594.90000,1593.00000,1594.89000,6446
20100514,154500,1594.90000,1594.90000,1593.00000,1593.12000,3113
20100514,155000,1593.40000,1594.38000,1588.80000,1591.00000,7763
20100514,155500,1591.00000,1592.93000,1588.52000,1590.11000,22524
20100514,160000,1590.19000,1591.99000,1585.16000,1585.86000,21657
20100514,160500,1585.88000,1589.00000,1585.14000,1588.32000,5565
20100514,161000,1586.01000,1588.00000,1585.00000,1588.00000,9087
20100514,161500,1586.51000,1587.95000,1586.10000,1587.95000,1276
20100514,162000,1587.94000,1591.25000,1587.27000,1590.07000,8625
20100514,162500,1590.19000,1591.22000,1590.00000,1590.50000,6790
20100514,163000,1591.19000,1597.49000,1590.00000,1591.72000,31126
20100514,163500,1591.73000,1596.26000,1591.05000,1595.91000,16910
20100514,164000,1595.93000,1596.74000,1593.00000,1596.44000,18188
20100514,164500,1596.31000,1597.49000,1592.03000,1597.43000,9587
20100514,165000,1597.43000,1605.00000,1596.90000,1604.00000,33520
20100514,165500,1604.00000,1604.00000,1599.60000,1600.88000,6864
20100514,170000,1600.93000,1604.32000,1595.66000,1596.01000,17531
20100514,170500,1596.47000,1599.93000,1595.15000,1596.47000,8941
20100514,171000,1595.84000,1596.52000,1593.02000,1595.62000,3377
20100514,171500,1596.02000,1599.72000,1592.70000,1598.36000,11720
20100514,172000,1599.76000,1600.00000,1598.08000,1599.00000,7527
20100514,172500,1599.00000,1599.90000,1597.70000,1599.19000,4157
20100514,173000,1599.27000,1600.79000,1597.17000,1597.17000,7086
20100514,173500,1597.83000,1599.33000,1592.20000,1593.00000,34267
20100514,174000,1592.97000,1595.54000,1585.00000,1586.65000,82762
20100514,174500,1585.75000,1590.19000,1585.44000,1587.00000,31312
20100514,175000,1587.00000,1593.00000,1586.50000,1587.65000,30478
20100514,175500,1587.65000,1591.64000,1587.62000,1589.97000,8845
20100514,180000,1590.02000,1591.74000,1586.54000,1587.40000,24141
20100514,180500,1588.27000,1598.01000,1587.22000,1594.70000,23925
20100514,181000,1594.61000,1602.65000,1594.52000,1599.81000,34508
20100514,181500,1599.64000,1600.00000,1595.54000,1596.92000,5633
20100514,182000,1595.79000,1598.95000,1592.44000,1595.98000,26682
20100514,182500,1596.69000,1598.00000,1593.41000,1595.95000,19974
20100514,183000,1596.04000,1596.90000,1593.21000,1593.26000,8405
20100514,183500,1593.26000,1594.86000,1591.60000,1591.75000,8800
20100514,184000,1591.77000,1592.89000,1585.00000,1589.96000,66015
20100517,103000,1571.54000,1572.00000,1551.11000,1565.00000,55791
20100517,103500,1564.10000,1565.00000,1561.05000,1563.00000,20561
20100517,104000,1563.03000,1569.52000,1562.56000,1563.86000,37442
20100517,104500,1563.94000,1566.74000,1561.01000,1562.54000,13065
20100517,105000,1563.25000,1569.84000,1562.37000,1568.05000,7491
20100517,105500,1568.04000,1571.00000,1566.99000,1569.20000,13195
20100517,110000,1569.20000,1573.00000,1565.00000,1572.93000,36822
20100517,110500,1572.24000,1573.93000,1568.38000,1571.02000,25014
20100517,111000,1571.01000,1577.68000,1571.01000,1577.01000,24279
20100517,111500,1577.01000,1582.00000,1575.07000,1578.85000,35217
20100517,112000,1578.11000,1580.90000,1576.09000,1576.76000,27077
20100517,112500,1577.16000,1581.86000,1576.06000,1578.38000,31216
20100517,113000,1578.51000,1580.53000,1576.06000,1579.59000,19189
20100517,113500,1579.13000,1585.22000,1578.36000,1583.99000,42701
20100517,114000,1583.99000,1587.00000,1582.06000,1583.27000,61391
20100517,114500,1583.95000,1584.04000,1580.08000,1580.38000,17246
20100517,115000,1581.00000,1582.22000,1579.16000,1581.92000,9907
20100517,115500,1580.84000,1583.64000,1577.00000,1577.84000,21569
20100517,120000,1577.12000,1580.50000,1576.28000,1577.40000,22113
20100517,120500,1577.93000,1583.34000,1577.20000,1581.86000,5946
20100517,121000,1582.58000,1585.21000,1582.42000,1582.42000,6480
20100517,121500,1582.00000,1585.50000,1580.30000,1582.66000,11572
20100517,122000,1582.65000,1583.81000,1579.24000,1580.53000,1873
20100517,122500,1580.78000,1583.89000,1579.15000,1580.70000,1718
20100517,123000,1580.70000,1594.40000,1579.24000,1592.50000,30806
20100517,123500,1592.50000,1593.06000,1590.80000,1592.41000,12744
20100517,124000,1592.49000,1597.51000,1591.30000,1595.00000,11826
20100517,124500,1595.00000,1595.89000,1593.06000,1595.00000,8592
20100517,125000,1594.97000,1594.97000,1590.69000,1591.19000,6090
20100517,125500,1591.19000,1591.20000,1588.00000,1589.32000,9513
20100517,130000,1589.70000,1595.79000,1588.00000,1593.33000,14038
20100517,130500,1593.31000,1596.08000,1590.67000,1595.06000,11223
20100517,131000,1595.18000,1597.00000,1592.32000,1593.88000,9889
20100517,131500,1593.86000,1604.00000,1592.15000,1595.95000,34343
20100517,132000,1596.11000,1600.00000,1592.44000,1593.73000,12158
20100517,132500,1593.06000,1595.47000,1592.00000,1593.75000,7029
20100517,133000,1594.00000,1594.09000,1590.01000,1590.06000,9882
20100517,133500,1590.89000,1594.94000,1590.00000,1590.00000,8531
20100517,134000,1590.65000,1590.99000,1587.45000,1587.59000,6854
20100517,134500,1587.66000,1588.89000,1587.07000,1587.61000,4016
20100517,135000,1587.86000,1591.02000,1587.26000,1587.26000,3833
20100517,135500,1588.37000,1591.04000,1587.02000,1588.02000,2523
20100517,140000,1587.22000,1591.04000,1587.00000,1589.69000,14487
20100517,140500,1589.69000,1592.62000,1587.12000,1588.40000,4209
20100517,141000,1588.51000,1588.99000,1586.00000,1586.07000,3644
20100517,141500,1586.13000,1590.00000,1586.07000,1590.00000,1589
20100517,142000,1590.00000,1594.88000,1590.00000,1592.40000,5924
20100517,142500,1592.45000,1593.46000,1591.10000,1592.85000,4888
20100517,143000,1592.70000,1593.00000,1589.42000,1592.36000,6725
20100517,143500,1590.98000,1593.00000,1588.00000,1589.04000,6666
20100517,144000,1589.81000,1594.87000,1589.14000,1590.41000,6456
20100517,144500,1591.13000,1592.10000,1588.00000,1589.21000,3931
20100517,145000,1588.18000,1591.25000,1587.10000,1588.98000,2133
20100517,145500,1588.66000,1589.00000,1585.30000,1586.80000,5648
20100517,150000,1586.80000,1588.56000,1585.25000,1585.52000,6890
20100517,150500,1585.56000,1589.91000,1585.56000,1586.81000,8549
20100517,151000,1587.49000,1591.99000,1587.49000,1590.37000,9282
20100517,151500,1591.74000,1592.92000,1588.77000,1590.17000,4542
20100517,152000,1590.05000,1594.96000,1589.58000,1594.96000,5530
20100517,152500,1594.96000,1597.91000,1590.00000,1591.62000,21154
20100517,153000,1590.97000,1592.92000,1588.01000,1588.01000,2678
20100517,153500,1588.12000,1588.88000,1587.00000,1588.88000,4407
20100517,154000,1588.88000,1589.73000,1587.02000,1588.05000,8168
20100517,154500,1588.05000,1590.05000,1587.20000,1588.69000,7493
20100517,155000,1588.30000,1590.00000,1582.39000,1584.77000,27857
20100517,155500,1584.00000,1584.97000,1582.30000,1583.81000,13611
20100517,160000,1583.87000,1585.00000,1582.99000,1584.00000,22787
20100517,160500,1584.00000,1586.88000,1582.89000,1584.00000,16509
20100517,161000,1584.00000,1585.30000,1580.03000,1580.92000,23917
20100517,161500,1580.87000,1583.34000,1578.40000,1580.58000,20419
20100517,162000,1580.59000,1585.58000,1580.32000,1581.58000,35478
20100517,162500,1581.58000,1583.95000,1580.67000,1582.50000,10028
20100517,163000,1582.73000,1583.65000,1579.18000,1582.05000,35032
20100517,163500,1582.92000,1584.70000,1577.00000,1579.29000,24985
20100517,164000,1579.20000,1579.95000,1573.10000,1578.77000,34049
20100517,164500,1578.80000,1579.66000,1576.42000,1578.33000,7205
20100517,165000,1578.84000,1579.74000,1577.02000,1577.27000,4276
20100517,165500,1577.39000,1579.48000,1576.05000,1578.49000,8062
20100517,170000,1578.50000,1579.70000,1575.83000,1579.43000,5076
20100517,170500,1579.42000,1579.54000,1575.82000,1577.04000,7658
20100517,171000,1577.71000,1577.78000,1575.83000,1577.36000,4351
20100517,171500,1576.47000,1577.00000,1574.01000,1574.48000,7448
20100517,172000,1574.49000,1577.70000,1574.20000,1575.90000,12764
20100517,172500,1575.18000,1579.55000,1574.92000,1578.25000,11535
20100517,173000,1579.39000,1581.00000,1577.51000,1577.55000,19118
20100517,173500,1577.55000,1580.00000,1576.17000,1577.96000,23372
20100517,174000,1577.96000,1578.57000,1574.11000,1574.11000,12069
20100517,174500,1574.11000,1574.57000,1568.00000,1569.49000,72617
20100517,175000,1569.77000,1570.00000,1563.86000,1565.76000,36444
20100517,175500,1566.00000,1567.96000,1564.03000,1567.84000,18273
20100517,180000,1567.11000,1568.29000,1564.03000,1567.50000,26590
20100517,180500,1567.50000,1570.00000,1565.00000,1565.31000,11772
20100517,181000,1565.59000,1567.01000,1564.05000,1564.41000,44621
20100517,181500,1565.51000,1569.00000,1564.33000,1567.11000,51269
20100517,182000,1567.08000,1568.86000,1565.00000,1565.00000,30230
20100517,182500,1565.00000,1567.96000,1564.01000,1565.08000,33882
20100517,183000,1565.08000,1566.50000,1562.00000,1564.00000,26481
20100517,183500,1564.50000,1566.80000,1564.00000,1564.91000,40299
20100517,184000,1564.22000,1580.27000,1564.00000,1580.00000,85848
20100518,103000,1580.98000,1589.00000,1580.36000,1583.56000,49490
20100518,103500,1583.56000,1585.42000,1576.62000,1580.00000,27336
20100518,104000,1580.27000,1581.00000,1576.22000,1578.59000,23508
20100518,104500,1578.59000,1579.00000,1574.09000,1575.83000,26794
20100518,105000,1576.13000,1580.00000,1575.80000,1578.95000,14893
20100518,105500,1578.95000,1586.00000,1577.96000,1584.16000,27339
20100518,110000,1584.16000,1586.93000,1580.00000,1581.00000,30164
20100518,110500,1581.00000,1581.78000,1580.00000,1581.25000,7124
20100518,111000,1581.07000,1583.00000,1581.04000,1582.04000,18816
20100518,111500,1582.05000,1583.06000,1576.69000,1579.00000,26354
20100518,112000,1579.00000,1580.00000,1577.20000,1578.51000,36719
20100518,112500,1578.99000,1580.00000,1576.06000,1576.28000,41982
20100518,113000,1576.28000,1578.00000,1575.11000,1577.00000,11885
20100518,113500,1576.46000,1578.00000,1574.41000,1574.42000,10860
20100518,114000,1574.44000,1576.00000,1572.15000,1575.92000,27915
20100518,114500,1575.27000,1581.48000,1575.27000,1579.00000,28771
20100518,115000,1578.87000,1579.00000,1573.51000,1573.63000,35885
20100518,115500,1573.96000,1575.63000,1572.24000,1572.24000,18511
20100518,120000,1572.24000,1574.00000,1570.70000,1572.24000,13899
20100518,120500,1572.24000,1572.30000,1563.11000,1568.91000,72186
20100518,121000,1568.91000,1569.79000,1567.44000,1568.55000,12788
20100518,121500,1568.50000,1568.96000,1565.35000,1566.00000,12632
20100518,122000,1565.85000,1567.14000,1565.00000,1565.51000,13926
20100518,122500,1565.50000,1568.00000,1565.33000,1565.70000,15675
20100518,123000,1567.07000,1569.58000,1566.00000,1569.00000,8278
20100518,123500,1569.14000,1569.14000,1566.14000,1566.20000,8757
20100518,124000,1566.27000,1567.19000,1565.00000,1565.64000,9416
20100518,124500,1565.11000,1566.46000,1564.00000,1565.00000,6857
20100518,125000,1565.00000,1565.58000,1560.25000,1562.05000,34212
20100518,125500,1562.02000,1563.98000,1561.38000,1562.00000,10896
20100518,130000,1561.39000,1567.00000,1560.25000,1565.63000,17261
20100518,130500,1566.27000,1566.27000,1562.00000,1562.59000,7581
20100518,131000,1562.32000,1563.62000,1560.30000,1560.96000,6176
20100518,131500,1560.61000,1563.99000,1560.01000,1563.60000,7822
20100518,132000,1563.60000,1564.50000,1561.00000,1561.00000,4024
20100518,132500,1561.00000,1563.78000,1556.02000,1556.08000,32003
20100518,133000,1556.49000,1558.45000,1555.34000,1555.71000,10215
20100518,133500,1555.59000,1558.86000,1555.25000,1558.75000,9452
20100518,134000,1557.80000,1557.90000,1556.00000,1557.90000,4580
20100518,134500,1557.88000,1560.54000,1556.50000,1560.54000,6251
20100518,135000,1560.54000,1560.79000,1558.51000,1559.50000,4650
20100518,135500,1559.75000,1561.75000,1559.00000,1560.46000,3722
20100518,140000,1559.91000,1561.64000,1557.36000,1557.93000,5224
20100518,140500,1558.13000,1562.94000,1556.58000,1557.66000,13215
20100518,141000,1558.00000,1559.59000,1557.30000,1558.71000,1606
20100518,141500,1558.28000,1560.00000,1558.00000,1559.93000,6617
20100518,142000,1559.41000,1559.97000,1558.00000,1558.74000,1400
20100518,142500,1559.89000,1562.99000,1559.00000,1562.00000,6654
20100518,143000,1562.00000,1562.98000,1558.51000,1560.55000,5158
20100518,143500,1560.00000,1561.94000,1557.55000,1557.55000,7504
20100518,144000,1557.60000,1560.00000,1557.51000,1559.26000,4256
20100518,144500,1558.51000,1560.00000,1558.09000,1559.00000,3580
20100518,145000,1559.00000,1560.00000,1558.02000,1558.03000,13539
20100518,145500,1558.03000,1559.33000,1557.55000,1559.33000,8879
20100518,150000,1559.33000,1562.07000,1558.56000,1561.98000,4651
20100518,150500,1561.57000,1563.69000,1560.03000,1560.39000,6339
20100518,151000,1561.49000,1564.54000,1561.00000,1563.99000,5865
20100518,151500,1563.38000,1567.88000,1563.38000,1566.52000,26465
20100518,152000,1567.23000,1567.88000,1564.51000,1564.51000,5925
20100518,152500,1564.51000,1565.27000,1562.41000,1562.55000,13236
20100518,153000,1562.83000,1565.50000,1561.79000,1563.00000,29588
20100518,153500,1563.00000,1565.49000,1562.03000,1564.66000,13354
20100518,154000,1564.52000,1566.68000,1559.32000,1560.50000,80632
20100518,154500,1560.50000,1565.79000,1560.06000,1564.96000,11230
20100518,155000,1564.96000,1566.90000,1564.40000,1566.00000,26065
20100518,155500,1566.00000,1566.00000,1561.55000,1564.00000,11875
20100518,160000,1564.00000,1566.79000,1562.77000,1565.84000,8332
20100518,160500,1565.84000,1566.00000,1563.55000,1564.08000,16636
20100518,161000,1564.15000,1565.02000,1563.52000,1564.00000,7588
20100518,161500,1564.00000,1564.36000,1562.22000,1564.25000,3817
20100518,162000,1564.01000,1564.33000,1562.03000,1562.31000,5181
20100518,162500,1563.00000,1564.36000,1562.30000,1563.65000,8962
20100518,163000,1563.67000,1564.88000,1558.40000,1559.99000,42650
20100518,163500,1559.58000,1561.70000,1558.40000,1559.67000,36655
20100518,164000,1559.61000,1563.66000,1559.61000,1563.00000,10716
20100518,164500,1563.00000,1564.97000,1563.00000,1563.88000,18198
20100518,165000,1563.91000,1564.64000,1560.11000,1563.64000,11493
20100518,165500,1563.63000,1564.50000,1561.33000,1562.05000,12215
20100518,170000,1562.55000,1563.58000,1559.34000,1559.41000,25860
20100518,170500,1560.48000,1561.74000,1559.28000,1559.28000,7633
20100518,171000,1559.31000,1561.68000,1559.30000,1561.09000,1434
20100518,171500,1561.09000,1563.80000,1560.71000,1561.71000,7268
20100518,172000,1562.08000,1563.79000,1562.08000,1563.79000,7558
20100518,172500,1563.72000,1564.64000,1562.25000,1564.47000,13589
20100518,173000,1564.47000,1565.88000,1562.26000,1563.95000,18936
20100518,173500,1563.89000,1569.89000,1563.14000,1568.40000,54959
20100518,174000,1568.29000,1569.94000,1567.60000,1568.05000,37018
20100518,174500,1568.18000,1571.00000,1568.18000,1569.96000,87611
20100518,175000,1569.33000,1571.31000,1567.58000,1568.00000,14384
20100518,175500,1568.00000,1568.98000,1563.27000,1563.28000,25435
20100518,180000,1564.00000,1565.29000,1562.52000,1563.35000,19876
20100518,180500,1563.19000,1565.00000,1562.88000,1564.97000,14903
20100518,181000,1564.97000,1566.79000,1562.56000,1564.93000,19487
20100518,181500,1565.00000,1565.98000,1563.00000,1563.00000,23247
20100518,182000,1563.06000,1563.80000,1559.21000,1561.98000,32757
20100518,182500,1561.26000,1563.25000,1558.00000,1559.23000,103357
20100518,183000,1560.69000,1560.98000,1558.50000,1560.37000,28561
20100518,183500,1559.32000,1560.90000,1558.07000,1560.01000,26440
20100518,184000,1560.60000,1563.33000,1558.12000,1558.12000,36302
20100519,103000,1542.75000,1547.25000,1535.00000,1541.84000,49589
20100519,103500,1541.84000,1546.00000,1541.06000,1542.33000,23978
20100519,104000,1542.97000,1545.00000,1538.17000,1538.58000,18361
20100519,104500,1539.65000,1544.80000,1537.04000,1542.16000,19111
20100519,105000,1542.89000,1542.89000,1538.00000,1540.53000,17648
20100519,105500,1540.53000,1541.60000,1538.43000,1541.35000,10236
20100519,110000,1541.33000,1541.66000,1535.00000,1536.75000,14074
20100519,110500,1536.73000,1536.80000,1526.00000,1530.97000,68802
20100519,111000,1530.80000,1532.71000,1528.15000,1528.15000,19905
20100519,111500,1528.15000,1539.97000,1527.68000,1537.90000,54014
20100519,112000,1537.50000,1541.92000,1536.70000,1538.00000,21201
20100519,112500,1538.00000,1551.00000,1537.99000,1551.00000,91133
20100519,113000,1550.06000,1551.00000,1547.60000,1549.00000,71118
20100519,113500,1548.99000,1549.93000,1547.24000,1547.24000,22853
20100519,114000,1547.96000,1549.31000,1546.08000,1548.66000,12981
20100519,114500,1548.74000,1549.90000,1546.00000,1546.01000,20777
20100519,115000,1546.01000,1548.87000,1541.56000,1543.13000,27682
20100519,115500,1543.13000,1544.40000,1541.00000,1542.20000,21906
20100519,120000,1542.95000,1544.87000,1534.11000,1537.20000,64287
20100519,120500,1537.12000,1541.89000,1535.00000,1535.74000,59803
20100519,121000,1535.74000,1540.00000,1535.06000,1536.98000,36938
20100519,121500,1536.99000,1542.99000,1535.71000,1542.08000,46058
20100519,122000,1542.08000,1542.71000,1534.00000,1535.19000,43325
20100519,122500,1536.20000,1537.99000,1533.02000,1534.29000,42430
20100519,123000,1534.95000,1537.99000,1532.00000,1535.66000,30888
20100519,123500,1535.40000,1538.00000,1532.06000,1536.59000,42358
20100519,124000,1536.51000,1541.85000,1535.20000,1539.35000,39090
20100519,124500,1540.28000,1545.00000,1539.00000,1543.89000,36151
20100519,125000,1543.76000,1543.89000,1539.00000,1540.00000,15169
20100519,125500,1540.04000,1541.00000,1538.02000,1540.09000,18373
20100519,130000,1540.09000,1541.59000,1539.40000,1541.00000,3296
20100519,130500,1540.78000,1541.24000,1535.10000,1535.88000,12998
20100519,131000,1535.92000,1538.00000,1534.02000,1534.50000,33147
20100519,131500,1534.44000,1535.98000,1531.16000,1534.95000,32271
20100519,132000,1534.65000,1535.01000,1532.11000,1533.00000,16119
20100519,132500,1533.32000,1536.00000,1531.75000,1536.00000,37663
20100519,133000,1535.99000,1540.01000,1535.94000,1539.94000,36850
20100519,133500,1538.60000,1539.00000,1536.22000,1537.00000,24525
20100519,134000,1536.99000,1537.00000,1531.75000,1532.00000,35252
20100519,134500,1532.86000,1535.02000,1531.12000,1533.10000,42855
20100519,135000,1532.58000,1536.84000,1532.07000,1536.00000,10605
20100519,135500,1536.70000,1536.70000,1533.55000,1534.32000,2580
20100519,140000,1534.44000,1535.43000,1532.66000,1532.66000,2131
20100519,140500,1533.14000,1538.00000,1532.00000,1533.90000,25157
20100519,141000,1535.10000,1538.97000,1534.88000,1538.97000,3546
20100519,141500,1538.96000,1539.71000,1536.21000,1537.71000,9501
20100519,142000,1537.10000,1538.00000,1533.12000,1534.69000,6513
20100519,142500,1534.69000,1535.50000,1530.00000,1531.50000,8748
20100519,143000,1531.50000,1531.85000,1528.09000,1531.00000,17238
20100519,143500,1531.00000,1532.00000,1530.24000,1530.82000,3294
20100519,144000,1530.85000,1536.00000,1530.00000,1535.84000,10828
20100519,144500,1535.83000,1540.57000,1535.83000,1537.00000,20381
20100519,145000,1536.57000,1538.99000,1536.12000,1538.00000,21556
20100519,145500,1538.00000,1538.89000,1537.86000,1538.89000,11657
20100519,150000,1538.94000,1543.95000,1538.94000,1542.96000,14065
20100519,150500,1542.84000,1543.70000,1536.28000,1541.97000,13639
20100519,151000,1541.52000,1543.96000,1538.56000,1539.93000,5007
20100519,151500,1539.93000,1542.21000,1537.07000,1537.07000,8910
20100519,152000,1537.77000,1540.04000,1537.77000,1539.96000,7057
20100519,152500,1539.93000,1541.48000,1538.14000,1540.82000,19233
20100519,153000,1540.08000,1541.25000,1536.88000,1536.88000,6318
20100519,153500,1536.89000,1539.94000,1536.10000,1538.99000,24238
20100519,154000,1539.00000,1539.00000,1535.13000,1536.97000,19368
20100519,154500,1536.35000,1541.37000,1536.35000,1541.37000,5143
20100519,155000,1541.37000,1541.37000,1538.00000,1538.83000,6950
20100519,155500,1539.00000,1541.49000,1538.29000,1540.00000,8781
20100519,160000,1540.00000,1541.89000,1539.43000,1541.89000,21553
20100519,160500,1541.89000,1543.00000,1540.35000,1542.05000,8824
20100519,161000,1542.18000,1546.22000,1541.02000,1543.17000,33055
20100519,161500,1543.19000,1543.19000,1538.07000,1542.68000,29699
20100519,162000,1542.90000,1545.97000,1540.68000,1544.70000,18119
20100519,162500,1544.70000,1544.70000,1540.99000,1544.58000,9078
20100519,163000,1544.10000,1545.71000,1538.65000,1541.58000,18121
20100519,163500,1542.51000,1544.46000,1538.61000,1539.16000,16746
20100519,164000,1539.16000,1544.46000,1539.14000,1543.98000,18349
20100519,164500,1542.73000,1544.88000,1539.67000,1542.00000,27951
20100519,165000,1542.00000,1542.40000,1539.76000,1541.89000,2508
20100519,165500,1541.99000,1543.30000,1536.06000,1536.93000,38197
20100519,170000,1536.68000,1540.69000,1536.19000,1536.19000,11291
20100519,170500,1536.22000,1538.47000,1536.17000,1537.82000,12173
20100519,171000,1536.90000,1537.00000,1533.44000,1533.50000,20686
20100519,171500,1533.50000,1536.36000,1533.00000,1533.20000,5162
20100519,172000,1533.20000,1538.47000,1532.53000,1538.46000,8987
20100519,172500,1538.46000,1538.98000,1535.00000,1535.04000,6763
20100519,173000,1535.04000,1539.59000,1532.70000,1537.80000,12036
20100519,173500,1536.90000,1539.34000,1533.00000,1535.02000,13457
20100519,174000,1535.02000,1536.89000,1534.00000,1536.76000,5053
20100519,174500,1536.76000,1539.99000,1535.33000,1538.10000,15710
20100519,175000,1538.66000,1539.43000,1535.00000,1536.17000,29922
20100519,175500,1536.20000,1536.96000,1534.05000,1534.27000,9896
20100519,180000,1534.33000,1536.83000,1528.02000,1529.22000,32051
20100519,180500,1530.80000,1533.79000,1529.05000,1529.05000,20164
20100519,181000,1529.09000,1532.39000,1529.00000,1531.43000,12466
20100519,181500,1530.66000,1531.46000,1522.90000,1522.90000,52108
20100519,182000,1524.61000,1526.46000,1519.11000,1520.72000,56469
20100519,182500,1520.72000,1526.85000,1519.81000,1525.88000,29122
20100519,183000,1525.88000,1528.00000,1523.51000,1527.50000,18238
20100519,183500,1526.90000,1527.98000,1524.50000,1527.96000,12566
20100519,184000,1527.90000,1531.00000,1523.50000,1523.50000,34566
20100520,103000,1531.00000,1536.00000,1531.00000,1533.55000,34418
20100520,103500,1534.31000,1537.01000,1533.55000,1536.64000,18554
20100520,104000,1536.64000,1544.26000,1536.64000,1542.50000,31033
20100520,104500,1542.54000,1543.72000,1540.00000,1542.00000,38270
20100520,105000,1541.38000,1549.77000,1541.28000,1548.00000,19880
20100520,105500,1547.89000,1549.47000,1544.38000,1546.00000,17349
20100520,110000,1546.00000,1548.00000,1541.53000,1544.81000,11278
20100520,110500,1543.91000,1544.80000,1540.71000,1542.15000,8907
20100520,111000,1542.70000,1543.00000,1540.58000,1542.00000,15049
20100520,111500,1541.10000,1542.55000,1536.13000,1536.70000,23731
20100520,112000,1537.94000,1539.67000,1536.17000,1537.53000,15729
20100520,112500,1538.49000,1538.60000,1534.11000,1536.51000,23785
20100520,113000,1538.00000,1539.97000,1535.00000,1535.42000,47257
20100520,113500,1535.72000,1538.28000,1534.06000,1537.00000,25989
20100520,114000,1537.00000,1537.98000,1535.00000,1536.30000,35948
20100520,114500,1536.30000,1538.93000,1536.00000,1538.04000,2792
20100520,115000,1538.87000,1540.94000,1538.00000,1538.00000,15013
20100520,115500,1538.00000,1539.17000,1536.00000,1536.01000,7386
20100520,120000,1536.01000,1539.56000,1536.00000,1537.60000,10548
20100520,120500,1538.02000,1538.91000,1535.04000,1537.63000,2904
20100520,121000,1536.80000,1539.00000,1533.56000,1535.00000,8446
20100520,121500,1535.01000,1535.01000,1532.00000,1532.19000,12158
20100520,122000,1532.00000,1535.09000,1531.63000,1533.31000,6134
20100520,122500,1534.00000,1534.63000,1530.25000,1530.25000,13079
20100520,123000,1530.25000,1531.87000,1526.00000,1526.00000,22958
20100520,123500,1526.36000,1529.50000,1525.00000,1527.00000,9664
20100520,124000,1527.00000,1529.62000,1526.83000,1529.62000,5081
20100520,124500,1529.55000,1530.49000,1527.03000,1527.04000,8772
20100520,125000,1527.04000,1528.96000,1524.05000,1524.96000,26536
20100520,125500,1524.12000,1525.79000,1523.01000,1523.97000,10165
20100520,130000,1524.00000,1526.62000,1523.26000,1525.88000,15284
20100520,130500,1525.34000,1525.34000,1521.38000,1522.00000,20283
20100520,131000,1521.90000,1523.35000,1521.63000,1521.63000,10457
20100520,131500,1521.63000,1523.50000,1521.25000,1523.50000,13527
20100520,132000,1522.60000,1525.32000,1522.00000,1523.38000,10034
20100520,132500,1523.31000,1526.50000,1523.00000,1524.41000,6546
20100520,133000,1524.35000,1525.87000,1524.05000,1525.76000,3927
20100520,133500,1525.67000,1527.00000,1524.25000,1526.10000,3752
20100520,134000,1526.10000,1526.79000,1524.34000,1525.80000,4389
20100520,134500,1525.84000,1526.85000,1523.55000,1524.41000,2589
20100520,135000,1523.72000,1524.55000,1523.10000,1523.10000,7472
20100520,135500,1523.22000,1524.66000,1522.01000,1523.00000,8371
20100520,140000,1523.69000,1524.65000,1521.28000,1521.28000,21477
20100520,140500,1521.28000,1524.82000,1520.00000,1523.06000,15189
20100520,141000,1523.06000,1526.37000,1522.53000,1525.24000,7343
20100520,141500,1525.47000,1526.93000,1523.37000,1525.19000,7344
20100520,142000,1524.43000,1524.99000,1523.87000,1523.87000,3144
20100520,142500,1523.87000,1524.89000,1522.01000,1522.55000,6561
20100520,143000,1522.07000,1522.08000,1516.00000,1516.00000,37224
20100520,143500,1516.13000,1517.00000,1515.01000,1515.50000,17175
20100520,144000,1515.29000,1517.00000,1513.01000,1515.23000,26432
20100520,144500,1516.82000,1519.99000,1515.36000,1519.99000,23142
20100520,145000,1519.98000,1519.99000,1514.50000,1518.86000,19280
20100520,145500,1518.60000,1522.20000,1514.57000,1521.79000,23870
20100520,150000,1521.79000,1524.00000,1518.27000,1521.85000,18725
20100520,150500,1520.70000,1521.91000,1515.27000,1517.34000,12360
20100520,151000,1517.33000,1518.90000,1512.50000,1513.00000,31656
20100520,151500,1513.01000,1514.97000,1506.00000,1509.00000,96722
20100520,152000,1509.04000,1509.94000,1506.00000,1506.30000,17322
20100520,152500,1506.31000,1509.00000,1501.00000,1501.12000,90308
20100520,153000,1501.12000,1503.39000,1497.00000,1502.00000,40000
20100520,153500,1502.00000,1504.78000,1500.00000,1500.00000,33476
20100520,154000,1501.63000,1501.71000,1484.95000,1486.00000,219775
20100520,154500,1485.99000,1489.91000,1481.93000,1487.43000,121511
20100520,155000,1487.43000,1490.00000,1486.90000,1489.75000,98074
20100520,155500,1489.99000,1490.00000,1484.92000,1488.13000,75682
20100520,160000,1488.13000,1494.75000,1486.61000,1494.69000,58108
20100520,160500,1494.69000,1502.33000,1490.75000,1498.47000,171571
20100520,161000,1498.47000,1501.59000,1491.27000,1491.28000,94283
20100520,161500,1491.38000,1494.00000,1490.00000,1492.11000,31338
20100520,162000,1492.31000,1499.10000,1490.00000,1498.80000,18634
20100520,162500,1499.00000,1500.95000,1495.32000,1495.32000,24570
20100520,163000,1495.32000,1497.82000,1484.92000,1488.60000,88957
20100520,163500,1488.60000,1489.70000,1483.00000,1488.91000,52492
20100520,164000,1488.90000,1490.00000,1485.25000,1488.59000,60159
20100520,164500,1488.59000,1490.93000,1485.70000,1487.84000,33903
20100520,165000,1487.22000,1498.90000,1487.19000,1498.12000,37933
20100520,165500,1498.14000,1499.06000,1496.38000,1497.99000,13878
20100520,170000,1496.73000,1498.99000,1494.15000,1496.51000,36469
20100520,170500,1495.87000,1500.00000,1495.66000,1500.00000,38196
20100520,171000,1500.00000,1503.75000,1500.00000,1500.09000,38128
20100520,171500,1500.14000,1501.93000,1493.00000,1494.20000,21358
20100520,172000,1494.20000,1496.96000,1493.01000,1494.13000,8390
20100520,172500,1493.53000,1495.74000,1489.21000,1490.00000,31323
20100520,173000,1490.00000,1492.10000,1487.00000,1488.00000,46769
20100520,173500,1488.06000,1489.80000,1485.00000,1488.14000,32239
20100520,174000,1487.89000,1489.32000,1484.51000,1484.93000,26798
20100520,174500,1485.02000,1492.25000,1484.98000,1492.25000,15659
20100520,175000,1492.25000,1498.82000,1491.01000,1491.87000,24812
20100520,175500,1491.93000,1498.92000,1491.93000,1494.64000,13586
20100520,180000,1494.66000,1498.43000,1491.23000,1494.66000,26527
20100520,180500,1494.05000,1498.78000,1492.15000,1494.47000,7365
20100520,181000,1494.39000,1495.45000,1486.50000,1487.18000,82261
20100520,181500,1487.18000,1489.99000,1484.00000,1485.82000,33752
20100520,182000,1485.82000,1489.67000,1480.00000,1480.00000,52999
20100520,182500,1480.01000,1480.64000,1470.25000,1473.38000,67448
20100520,183000,1471.70000,1477.89000,1471.10000,1476.21000,37560
20100520,183500,1477.00000,1479.92000,1476.50000,1478.15000,30477
20100520,184000,1478.10000,1478.10000,1475.00000,1475.00000,78529
20100521,103000,1480.00000,1487.99000,1476.00000,1483.01000,28255
20100521,103500,1483.81000,1489.00000,1483.46000,1487.70000,19035
20100521,104000,1487.66000,1487.70000,1481.00000,1481.16000,38978
20100521,104500,1481.33000,1484.08000,1472.08000,1476.65000,16165
20100521,105000,1476.74000,1477.33000,1465.25000,1467.34000,21142
20100521,105500,1467.34000,1474.84000,1465.25000,1474.84000,23724
20100521,110000,1474.84000,1480.00000,1466.28000,1469.40000,18034
20100521,110500,1469.16000,1479.04000,1469.16000,1474.63000,15070
20100521,111000,1473.30000,1473.83000,1466.01000,1466.01000,13424
20100521,111500,1466.01000,1469.77000,1461.60000,1463.50000,76870
20100521,112000,1463.50000,1468.95000,1456.36000,1457.25000,87582
20100521,112500,1458.60000,1458.91000,1453.83000,1456.70000,49551
20100521,113000,1456.69000,1465.00000,1456.48000,1465.00000,76634
20100521,113500,1464.03000,1471.74000,1462.06000,1468.65000,38716
20100521,114000,1468.60000,1471.00000,1466.03000,1466.20000,33449
20100521,114500,1466.19000,1469.30000,1461.50000,1469.30000,29341
20100521,115000,1469.30000,1482.00000,1465.15000,1479.98000,35138
20100521,115500,1479.13000,1480.00000,1472.00000,1475.39000,35368
20100521,120000,1475.52000,1493.00000,1472.03000,1482.01000,96585
20100521,120500,1482.01000,1489.75000,1481.79000,1489.71000,33786
20100521,121000,1488.04000,1492.13000,1481.00000,1481.00000,37883
20100521,121500,1481.11000,1484.00000,1472.00000,1480.92000,23586
20100521,122000,1480.53000,1480.53000,1471.20000,1476.89000,28542
20100521,122500,1476.50000,1476.88000,1471.00000,1473.06000,14978
20100521,123000,1474.26000,1485.00000,1473.59000,1480.30000,34383
20100521,123500,1480.14000,1484.00000,1479.10000,1483.98000,30817
20100521,124000,1483.98000,1488.78000,1483.13000,1485.50000,16757
20100521,124500,1485.50000,1485.50000,1478.60000,1482.40000,37025
20100521,125000,1482.52000,1483.00000,1478.83000,1480.11000,15163
20100521,125500,1480.22000,1482.75000,1478.01000,1482.60000,4028
20100521,130000,1482.60000,1492.98000,1481.48000,1489.76000,22886
20100521,130500,1489.12000,1491.00000,1486.16000,1488.41000,13016
20100521,131000,1489.00000,1491.50000,1487.12000,1488.88000,11076
20100521,131500,1489.56000,1491.89000,1485.06000,1490.66000,17837
20100521,132000,1490.05000,1498.00000,1490.04000,1493.60000,62176
20100521,132500,1494.71000,1494.80000,1491.20000,1493.00000,9053
20100521,133000,1492.15000,1494.38000,1485.02000,1487.22000,10106
20100521,133500,1487.23000,1488.89000,1485.22000,1487.62000,7772
20100521,134000,1487.67000,1489.59000,1480.31000,1481.14000,18242
20100521,134500,1480.44000,1485.00000,1477.00000,1479.12000,10942
20100521,135000,1478.90000,1482.36000,1475.50000,1475.51000,12012
20100521,135500,1475.73000,1482.49000,1475.50000,1478.69000,13412
20100521,140000,1479.77000,1484.00000,1477.30000,1483.75000,17528
20100521,140500,1483.80000,1485.00000,1480.33000,1480.33000,8860
20100521,141000,1480.32000,1485.00000,1480.25000,1481.47000,8104
20100521,141500,1481.05000,1484.73000,1478.11000,1483.18000,5847
20100521,142000,1482.92000,1492.95000,1481.60000,1487.65000,16930
20100521,142500,1486.24000,1488.98000,1482.00000,1482.03000,11606
20100521,143000,1482.04000,1484.46000,1470.26000,1471.01000,21807
20100521,143500,1470.27000,1480.42000,1470.27000,1475.00000,37250
20100521,144000,1474.69000,1480.00000,1474.69000,1478.08000,13413
20100521,144500,1479.23000,1481.90000,1474.75000,1481.90000,20047
20100521,145000,1481.89000,1488.00000,1480.00000,1485.14000,37540
20100521,145500,1486.20000,1489.96000,1483.11000,1489.11000,10467
20100521,150000,1489.00000,1494.00000,1485.00000,1485.10000,17840
20100521,150500,1485.10000,1485.10000,1477.00000,1477.00000,23357
20100521,151000,1477.86000,1484.29000,1476.23000,1480.03000,22797
20100521,151500,1480.24000,1482.99000,1476.57000,1480.00000,48071
20100521,152000,1480.67000,1483.00000,1477.35000,1480.74000,13908
20100521,152500,1480.83000,1483.00000,1477.00000,1477.00000,18748
20100521,153000,1477.88000,1482.00000,1475.91000,1478.00000,35073
20100521,153500,1478.85000,1479.77000,1475.00000,1478.98000,72184
20100521,154000,1479.00000,1479.77000,1476.01000,1478.06000,7509
20100521,154500,1478.06000,1478.70000,1471.01000,1473.45000,42438
20100521,155000,1472.45000,1478.70000,1472.37000,1478.06000,10622
20100521,155500,1478.06000,1481.94000,1476.28000,1479.02000,4348
20100521,160000,1479.76000,1481.05000,1477.10000,1478.32000,18653
20100521,160500,1478.31000,1481.64000,1477.42000,1480.88000,21775
20100521,161000,1480.88000,1481.90000,1478.00000,1478.72000,8247
20100521,161500,1478.14000,1480.96000,1467.11000,1467.11000,34822
20100521,162000,1467.13000,1469.80000,1462.00000,1464.09000,73614
20100521,162500,1464.01000,1466.48000,1462.00000,1462.71000,53457
20100521,163000,1462.66000,1464.98000,1455.21000,1455.26000,91899
20100521,163500,1455.75000,1456.10000,1450.00000,1455.00000,58846
20100521,164000,1454.18000,1458.22000,1451.11000,1452.57000,19080
20100521,164500,1453.30000,1463.00000,1452.00000,1459.79000,16891
20100521,165000,1462.07000,1463.11000,1458.33000,1460.00000,10073
20100521,165500,1459.20000,1465.99000,1459.10000,1460.25000,18055
20100521,170000,1460.26000,1466.90000,1457.36000,1463.06000,21674
20100521,170500,1463.14000,1467.00000,1460.50000,1463.34000,10161
20100521,171000,1464.06000,1465.02000,1458.27000,1458.35000,4984
20100521,171500,1458.35000,1460.31000,1455.57000,1459.40000,21772
20100521,172000,1459.40000,1462.30000,1459.00000,1459.00000,9878
20100521,172500,1459.00000,1460.62000,1457.00000,1460.33000,15588
20100521,173000,1460.00000,1460.33000,1453.24000,1456.42000,47981
20100521,173500,1455.54000,1467.77000,1453.16000,1467.67000,32006
20100521,174000,1467.67000,1470.47000,1464.87000,1467.19000,25859
20100521,174500,1467.20000,1471.99000,1465.10000,1471.68000,36262
20100521,175000,1471.64000,1478.86000,1469.84000,1477.25000,88004
20100521,175500,1477.25000,1493.83000,1476.73000,1486.62000,155919
20100521,180000,1488.17000,1495.00000,1482.18000,1492.23000,51837
20100521,180500,1494.04000,1497.98000,1490.01000,1492.08000,63663
20100521,181000,1492.22000,1494.53000,1483.69000,1486.85000,36927
20100521,181500,1486.85000,1491.44000,1482.39000,1483.63000,22347
20100521,182000,1483.62000,1483.97000,1480.25000,1480.25000,14348
20100521,182500,1480.11000,1483.22000,1469.25000,1469.99000,42791
20100521,183000,1469.99000,1474.00000,1469.56000,1472.47000,32511
20100521,183500,1472.47000,1474.67000,1465.25000,1466.94000,47455
20100521,184000,1467.00000,1474.93000,1463.82000,1474.93000,51680
20100524,103000,1485.00000,1502.73000,1485.00000,1492.43000,43553
20100524,103500,1492.64000,1494.99000,1485.70000,1485.77000,40638
20100524,104000,1485.77000,1489.36000,1483.10000,1488.00000,11895
20100524,104500,1487.86000,1490.00000,1486.61000,1488.24000,8326
20100524,105000,1488.62000,1489.00000,1483.72000,1484.43000,16737
20100524,105500,1484.43000,1484.77000,1483.10000,1484.70000,8183
20100524,110000,1484.72000,1488.93000,1483.89000,1487.97000,17634
20100524,110500,1488.26000,1488.60000,1484.64000,1487.13000,6632
20100524,111000,1487.22000,1488.93000,1486.00000,1486.97000,4575
20100524,111500,1486.89000,1489.93000,1485.06000,1489.61000,17772
20100524,112000,1489.84000,1491.54000,1487.26000,1488.94000,37220
20100524,112500,1488.25000,1492.00000,1487.00000,1489.71000,16665
20100524,113000,1489.11000,1490.00000,1482.00000,1482.29000,21768
20100524,113500,1482.30000,1484.98000,1480.00000,1480.11000,32618
20100524,114000,1480.75000,1482.00000,1476.26000,1477.11000,12944
20100524,114500,1478.33000,1482.69000,1477.00000,1479.69000,4584
20100524,115000,1480.60000,1480.61000,1477.14000,1477.40000,3789
20100524,115500,1477.47000,1477.47000,1470.03000,1473.91000,59958
20100524,120000,1473.19000,1474.93000,1471.00000,1472.22000,27489
20100524,120500,1473.39000,1474.87000,1467.02000,1470.00000,31468
20100524,121000,1469.99000,1473.00000,1468.67000,1473.00000,19084
20100524,121500,1472.85000,1475.00000,1470.00000,1474.93000,32753
20100524,122000,1473.00000,1475.00000,1468.23000,1468.72000,10995
20100524,122500,1468.72000,1472.49000,1465.12000,1467.35000,18509
20100524,123000,1467.78000,1472.77000,1466.12000,1471.30000,6541
20100524,123500,1471.30000,1479.06000,1471.30000,1474.00000,17731
20100524,124000,1474.76000,1476.00000,1473.69000,1475.00000,6627
20100524,124500,1474.27000,1476.41000,1468.58000,1471.07000,11757
20100524,125000,1471.16000,1472.60000,1468.22000,1470.70000,4735
20100524,125500,1469.77000,1476.83000,1469.49000,1475.47000,5226
20100524,130000,1474.50000,1480.00000,1474.00000,1478.46000,13984
20100524,130500,1478.46000,1479.93000,1477.28000,1479.58000,4536
20100524,131000,1479.52000,1479.89000,1476.36000,1479.71000,5240
20100524,131500,1478.27000,1482.38000,1476.21000,1482.38000,21069
20100524,132000,1482.38000,1482.48000,1477.64000,1477.66000,4065
20100524,132500,1477.66000,1477.66000,1473.40000,1475.00000,11287
20100524,133000,1474.99000,1475.00000,1474.21000,1475.00000,4187
20100524,133500,1474.99000,1477.42000,1474.21000,1474.44000,6632
20100524,134000,1475.15000,1477.60000,1474.51000,1477.28000,12795
20100524,134500,1477.08000,1481.19000,1477.08000,1480.00000,27030
20100524,135000,1480.00000,1482.75000,1480.00000,1480.27000,10905
20100524,135500,1480.15000,1482.00000,1480.00000,1480.22000,4084
20100524,140000,1480.20000,1480.63000,1474.32000,1475.00000,23286
20100524,140500,1474.47000,1476.89000,1472.59000,1473.78000,13770
20100524,141000,1473.11000,1474.99000,1472.75000,1472.75000,1728
20100524,141500,1472.87000,1474.85000,1470.66000,1474.25000,18773
20100524,142000,1473.42000,1474.98000,1472.07000,1474.01000,7914
20100524,142500,1474.71000,1478.60000,1474.71000,1475.10000,17044
20100524,143000,1476.00000,1479.79000,1475.02000,1479.79000,11576
20100524,143500,1479.79000,1487.50000,1479.03000,1485.27000,31678
20100524,144000,1486.00000,1487.00000,1483.67000,1483.76000,12388
20100524,144500,1483.80000,1484.33000,1479.34000,1480.42000,9048
20100524,145000,1480.42000,1480.42000,1475.58000,1478.34000,8131
20100524,145500,1478.99000,1479.38000,1475.65000,1476.50000,8944
20100524,150000,1476.69000,1479.70000,1476.55000,1479.70000,9303
20100524,150500,1479.70000,1479.80000,1477.00000,1477.98000,8339
20100524,151000,1478.60000,1479.58000,1478.00000,1478.70000,2451
20100524,151500,1478.04000,1478.68000,1475.04000,1476.34000,11963
20100524,152000,1476.34000,1478.96000,1476.00000,1476.31000,7136
20100524,152500,1477.23000,1479.58000,1477.23000,1479.57000,3281
20100524,153000,1479.19000,1479.55000,1473.14000,1473.14000,13280
20100524,153500,1473.14000,1476.00000,1473.11000,1474.10000,6751
20100524,154000,1474.26000,1476.00000,1471.91000,1476.00000,9336
20100524,154500,1475.93000,1476.99000,1473.00000,1475.00000,6008
20100524,155000,1476.72000,1477.00000,1475.01000,1476.00000,2281
20100524,155500,1475.48000,1476.00000,1471.57000,1472.20000,5771
20100524,160000,1472.33000,1473.00000,1471.51000,1472.26000,4305
20100524,160500,1472.28000,1474.49000,1472.21000,1472.86000,3571
20100524,161000,1473.30000,1474.11000,1468.52000,1474.00000,29921
20100524,161500,1474.00000,1474.11000,1464.56000,1465.03000,24809
20100524,162000,1465.75000,1466.70000,1465.03000,1466.00000,5536
20100524,162500,1466.00000,1466.69000,1465.17000,1466.21000,2572
20100524,163000,1466.20000,1468.01000,1464.50000,1465.91000,37781
20100524,163500,1465.91000,1467.98000,1465.85000,1466.13000,13871
20100524,164000,1466.13000,1469.99000,1465.85000,1469.99000,13473
20100524,164500,1469.99000,1475.77000,1468.50000,1475.20000,12090
20100524,165000,1475.29000,1477.00000,1471.62000,1475.31000,13017
20100524,165500,1474.64000,1475.84000,1470.18000,1471.33000,9185
20100524,170000,1471.33000,1476.85000,1471.33000,1475.47000,12706
20100524,170500,1475.47000,1477.00000,1472.00000,1472.45000,15867
20100524,171000,1474.37000,1474.96000,1472.45000,1473.00000,1919
20100524,171500,1473.02000,1474.47000,1470.00000,1472.02000,8966
20100524,172000,1472.08000,1474.20000,1470.06000,1471.53000,2524
20100524,172500,1471.54000,1475.44000,1470.13000,1471.79000,8952
20100524,173000,1471.41000,1473.79000,1470.49000,1471.09000,12099
20100524,173500,1471.09000,1475.40000,1467.11000,1467.70000,14184
20100524,174000,1467.44000,1469.42000,1465.50000,1467.00000,39902
20100524,174500,1466.95000,1467.25000,1463.50000,1465.86000,34024
20100524,175000,1466.19000,1469.68000,1465.53000,1467.85000,11600
20100524,175500,1468.04000,1468.08000,1464.02000,1464.50000,5616
20100524,180000,1464.99000,1469.95000,1463.99000,1464.06000,21587
20100524,180500,1464.75000,1471.00000,1464.75000,1470.85000,15353
20100524,181000,1469.53000,1473.00000,1469.26000,1473.00000,13116
20100524,181500,1473.00000,1474.16000,1471.55000,1473.95000,4760
20100524,182000,1473.95000,1475.00000,1470.05000,1470.05000,13205
20100524,182500,1470.70000,1474.11000,1470.10000,1474.05000,3298
20100524,183000,1474.04000,1476.91000,1474.04000,1476.00000,10454
20100524,183500,1475.50000,1476.70000,1473.87000,1476.15000,5962
20100524,184000,1476.00000,1479.00000,1475.01000,1477.11000,20821
20100525,103000,1439.78000,1439.78000,1429.14000,1432.86000,67992
20100525,103500,1432.86000,1433.00000,1431.25000,1431.55000,27030
20100525,104000,1431.60000,1433.21000,1431.24000,1431.25000,23101
20100525,104500,1431.25000,1431.25000,1429.03000,1429.20000,12785
20100525,105000,1429.20000,1429.99000,1424.24000,1424.30000,54626
20100525,105500,1424.30000,1428.66000,1424.30000,1427.09000,19982
20100525,110000,1427.16000,1433.00000,1426.71000,1429.36000,38858
20100525,110500,1429.81000,1434.36000,1428.50000,1431.09000,14151
20100525,111000,1432.42000,1436.96000,1430.68000,1436.94000,9327
20100525,111500,1436.92000,1440.99000,1432.44000,1435.21000,44293
20100525,112000,1435.21000,1437.00000,1433.00000,1433.00000,10775
20100525,112500,1432.92000,1436.06000,1431.25000,1436.00000,23347
20100525,113000,1436.79000,1436.79000,1433.01000,1433.49000,15543
20100525,113500,1433.44000,1433.87000,1431.60000,1432.73000,12309
20100525,114000,1432.74000,1435.74000,1431.50000,1435.28000,15707
20100525,114500,1435.28000,1442.30000,1435.28000,1442.30000,25191
20100525,115000,1442.30000,1442.30000,1438.00000,1440.00000,9089
20100525,115500,1439.52000,1447.00000,1439.00000,1443.01000,36594
20100525,120000,1443.02000,1443.50000,1438.73000,1441.00000,20607
20100525,120500,1440.51000,1443.77000,1439.81000,1443.00000,10936
20100525,121000,1443.00000,1444.45000,1442.52000,1443.77000,11936
20100525,121500,1443.76000,1444.06000,1442.43000,1442.44000,5387
20100525,122000,1442.52000,1446.74000,1442.48000,1445.60000,11140
20100525,122500,1445.60000,1446.60000,1442.19000,1442.21000,18073
20100525,123000,1442.67000,1442.75000,1439.32000,1440.02000,23324
20100525,123500,1440.02000,1441.41000,1439.03000,1440.41000,1737
20100525,124000,1440.67000,1441.99000,1437.27000,1437.27000,18152
20100525,124500,1437.27000,1439.55000,1435.76000,1437.00000,34282
20100525,125000,1436.93000,1437.00000,1430.50000,1430.55000,45950
20100525,125500,1430.56000,1435.90000,1429.56000,1435.30000,54529
20100525,130000,1435.30000,1437.30000,1434.11000,1436.50000,8343
20100525,130500,1436.50000,1438.88000,1435.13000,1437.05000,18249
20100525,131000,1437.25000,1439.85000,1437.25000,1438.32000,6534
20100525,131500,1438.15000,1438.84000,1433.17000,1435.23000,15825
20100525,132000,1435.23000,1437.52000,1432.95000,1434.70000,5243
20100525,132500,1435.29000,1435.29000,1431.65000,1433.00000,14379
20100525,133000,1433.00000,1434.02000,1429.50000,1429.50000,47602
20100525,133500,1429.50000,1431.83000,1428.00000,1430.48000,18891
20100525,134000,1430.49000,1433.25000,1426.03000,1426.03000,52734
20100525,134500,1426.01000,1428.00000,1418.00000,1419.15000,63892
20100525,135000,1419.71000,1422.76000,1419.69000,1421.53000,17834
20100525,135500,1421.55000,1424.50000,1421.55000,1423.95000,18734
20100525,140000,1423.81000,1423.87000,1417.68000,1418.47000,31313
20100525,140500,1419.00000,1423.49000,1418.31000,1423.19000,12772
20100525,141000,1422.94000,1425.09000,1421.01000,1421.01000,9243
20100525,141500,1421.22000,1427.45000,1421.13000,1427.20000,11153
20100525,142000,1426.60000,1427.80000,1426.00000,1427.65000,12603
20100525,142500,1427.01000,1433.15000,1427.01000,1433.15000,19825
20100525,143000,1433.58000,1434.00000,1429.70000,1431.10000,7720
20100525,143500,1431.64000,1433.04000,1428.31000,1429.96000,26544
20100525,144000,1430.00000,1433.01000,1429.00000,1429.10000,23136
20100525,144500,1429.10000,1432.67000,1429.00000,1429.14000,15237
20100525,145000,1429.14000,1430.67000,1429.10000,1430.00000,13372
20100525,145500,1430.06000,1433.04000,1429.89000,1433.04000,10531
20100525,150000,1432.34000,1434.40000,1432.00000,1433.41000,3196
20100525,150500,1433.28000,1433.99000,1430.05000,1430.48000,6761
20100525,151000,1430.48000,1432.74000,1429.00000,1429.11000,6182
20100525,151500,1429.78000,1429.81000,1426.34000,1429.36000,4869
20100525,152000,1429.36000,1432.79000,1428.05000,1429.27000,12189
20100525,152500,1429.78000,1433.49000,1429.27000,1431.65000,5674
20100525,153000,1432.62000,1433.48000,1426.43000,1427.19000,10815
20100525,153500,1427.17000,1430.91000,1427.01000,1429.58000,5572
20100525,154000,1429.45000,1431.05000,1427.75000,1429.00000,3681
20100525,154500,1429.49000,1430.99000,1429.15000,1429.15000,689
20100525,155000,1429.16000,1430.00000,1426.80000,1427.62000,2841
20100525,155500,1427.62000,1428.30000,1426.79000,1428.24000,614
20100525,160000,1427.35000,1430.80000,1426.79000,1430.02000,4017
20100525,160500,1430.02000,1430.79000,1426.20000,1428.00000,13923
20100525,161000,1427.99000,1433.20000,1426.00000,1426.72000,9523
20100525,161500,1426.03000,1427.69000,1426.00000,1426.38000,1890
20100525,162000,1426.38000,1426.94000,1425.00000,1425.15000,13137
20100525,162500,1425.60000,1426.99000,1424.00000,1424.41000,6509
20100525,163000,1424.38000,1425.00000,1423.00000,1424.00000,10344
20100525,163500,1424.00000,1426.64000,1423.97000,1426.31000,6126
20100525,164000,1425.31000,1425.80000,1422.08000,1423.00000,24534
20100525,164500,1423.00000,1423.69000,1421.45000,1423.14000,14391
20100525,165000,1423.14000,1424.06000,1421.45000,1423.00000,35061
20100525,165500,1423.07000,1427.00000,1423.00000,1423.42000,22047
20100525,170000,1423.42000,1428.14000,1423.01000,1427.53000,21946
20100525,170500,1427.33000,1428.33000,1425.50000,1428.29000,16734
20100525,171000,1427.87000,1429.68000,1425.56000,1425.76000,10908
20100525,171500,1426.01000,1428.98000,1426.00000,1426.03000,12628
20100525,172000,1426.05000,1427.98000,1423.23000,1425.06000,18350
20100525,172500,1425.07000,1428.04000,1423.42000,1425.41000,8404
20100525,173000,1424.01000,1425.13000,1418.10000,1421.00000,23240
20100525,173500,1421.38000,1422.58000,1419.00000,1421.45000,26277
20100525,174000,1421.45000,1423.97000,1418.25000,1423.97000,24886
20100525,174500,1423.94000,1426.52000,1421.18000,1423.44000,32879
20100525,175000,1423.44000,1426.02000,1418.00000,1420.68000,25852
20100525,175500,1420.65000,1421.00000,1413.00000,1413.73000,28305
20100525,180000,1413.73000,1420.99000,1413.00000,1420.64000,38417
20100525,180500,1420.22000,1421.78000,1415.00000,1415.01000,15984
20100525,181000,1415.01000,1417.16000,1412.00000,1412.00000,32439
20100525,181500,1412.02000,1417.00000,1411.89000,1412.66000,30677
20100525,182000,1413.32000,1417.80000,1412.17000,1413.00000,39787
20100525,182500,1413.90000,1414.00000,1409.00000,1409.00000,28874
20100525,183000,1409.11000,1411.98000,1408.00000,1408.62000,15863
20100525,183500,1408.17000,1410.00000,1407.00000,1409.98000,16861
20100525,184000,1409.96000,1409.99000,1400.01000,1400.93000,40467
20100526,103000,1428.03000,1434.40000,1422.14000,1424.00000,62243
20100526,103500,1424.12000,1427.00000,1422.27000,1425.42000,12161
20100526,104000,1425.33000,1428.68000,1424.00000,1428.68000,13873
20100526,104500,1428.64000,1429.87000,1426.23000,1429.50000,5762
20100526,105000,1429.72000,1429.94000,1427.05000,1427.56000,5729
20100526,105500,1427.56000,1432.00000,1427.56000,1431.80000,30382
20100526,110000,1431.80000,1434.88000,1430.71000,1432.30000,28129
20100526,110500,1432.30000,1432.80000,1429.46000,1432.50000,14513
20100526,111000,1432.50000,1432.93000,1429.74000,1430.00000,8098
20100526,111500,1429.78000,1430.37000,1422.46000,1423.62000,31656
20100526,112000,1423.60000,1425.75000,1422.24000,1423.31000,30384
20100526,112500,1423.31000,1425.29000,1422.17000,1424.80000,11378
20100526,113000,1424.66000,1428.85000,1422.66000,1428.85000,7069
20100526,113500,1428.87000,1436.26000,1427.60000,1435.00000,26104
20100526,114000,1435.00000,1439.00000,1434.00000,1436.74000,29526
20100526,114500,1436.74000,1436.99000,1432.60000,1434.28000,25005
20100526,115000,1434.28000,1438.85000,1433.50000,1436.01000,15507
20100526,115500,1436.68000,1436.69000,1434.15000,1435.28000,9120
20100526,120000,1435.95000,1437.80000,1433.50000,1436.07000,28655
20100526,120500,1436.05000,1438.97000,1435.37000,1436.00000,14223
20100526,121000,1436.90000,1438.81000,1433.86000,1433.86000,8922
20100526,121500,1434.00000,1434.74000,1428.13000,1428.83000,27346
20100526,122000,1428.85000,1432.42000,1428.84000,1429.69000,10012
20100526,122500,1429.49000,1430.39000,1428.00000,1430.00000,37559
20100526,123000,1430.00000,1433.33000,1427.14000,1428.68000,32881
20100526,123500,1428.06000,1428.06000,1424.11000,1425.78000,14425
20100526,124000,1425.78000,1427.00000,1421.01000,1427.00000,21987
20100526,124500,1427.00000,1431.67000,1426.99000,1430.21000,5195
20100526,125000,1430.10000,1430.94000,1428.57000,1428.70000,11045
20100526,125500,1429.00000,1429.00000,1427.07000,1427.99000,9893
20100526,130000,1427.67000,1430.00000,1427.31000,1428.89000,10184
20100526,130500,1427.71000,1429.00000,1426.10000,1426.10000,20083
20100526,131000,1426.10000,1429.04000,1426.00000,1426.99000,13945
20100526,131500,1426.40000,1426.90000,1425.05000,1425.80000,8860
20100526,132000,1425.83000,1426.00000,1421.09000,1423.32000,18595
20100526,132500,1423.24000,1426.99000,1423.24000,1426.99000,7212
20100526,133000,1426.00000,1426.75000,1425.00000,1425.71000,7270
20100526,133500,1426.51000,1428.40000,1425.50000,1427.54000,11789
20100526,134000,1426.80000,1427.70000,1425.10000,1425.11000,15734
20100526,134500,1425.12000,1426.07000,1421.05000,1422.00000,9322
20100526,135000,1422.70000,1423.97000,1421.23000,1423.52000,6565
20100526,135500,1423.00000,1423.51000,1421.50000,1422.00000,2722
20100526,140000,1422.00000,1423.50000,1421.08000,1423.50000,1282
20100526,140500,1423.51000,1425.98000,1422.00000,1424.66000,6348
20100526,141000,1424.57000,1424.69000,1422.00000,1424.25000,5443
20100526,141500,1423.25000,1426.57000,1422.00000,1424.93000,11002
20100526,142000,1426.13000,1426.13000,1423.99000,1425.27000,687
20100526,142500,1425.84000,1426.50000,1424.50000,1424.50000,7728
20100526,143000,1424.50000,1425.01000,1423.00000,1423.00000,8186
20100526,143500,1423.84000,1425.00000,1423.00000,1424.89000,2066
20100526,144000,1423.99000,1426.43000,1423.00000,1426.17000,3009
20100526,144500,1425.93000,1426.50000,1425.00000,1425.08000,8059
20100526,145000,1426.10000,1428.29000,1425.14000,1428.21000,5918
20100526,145500,1427.27000,1430.67000,1426.60000,1429.07000,8513
20100526,150000,1429.12000,1433.97000,1428.88000,1433.06000,9916
20100526,150500,1432.99000,1434.50000,1432.00000,1433.00000,6189
20100526,151000,1432.95000,1433.59000,1429.88000,1429.99000,12567
20100526,151500,1429.99000,1430.00000,1428.00000,1429.74000,15987
20100526,152000,1429.73000,1431.37000,1426.73000,1430.40000,23411
20100526,152500,1430.40000,1430.43000,1426.73000,1428.17000,10538
20100526,153000,1428.08000,1429.08000,1426.25000,1426.26000,10809
20100526,153500,1426.98000,1427.68000,1425.54000,1426.97000,4052
20100526,154000,1426.50000,1428.00000,1425.65000,1426.94000,6777
20100526,154500,1427.87000,1434.82000,1427.15000,1431.92000,24509
20100526,155000,1431.89000,1443.00000,1431.24000,1440.12000,120512
20100526,155500,1440.77000,1448.00000,1440.10000,1444.00000,64719
20100526,160000,1444.44000,1446.00000,1443.50000,1445.30000,21754
20100526,160500,1445.30000,1457.80000,1444.58000,1452.93000,111912
20100526,161000,1452.81000,1453.36000,1446.53000,1446.53000,40048
20100526,161500,1446.75000,1451.00000,1446.38000,1450.00000,45114
20100526,162000,1450.05000,1450.05000,1443.00000,1443.00000,16478
20100526,162500,1443.00000,1444.85000,1442.00000,1443.40000,9583
20100526,163000,1443.41000,1449.79000,1442.00000,1447.00000,21237
20100526,163500,1445.77000,1448.46000,1444.01000,1445.58000,4905
20100526,164000,1445.98000,1446.02000,1440.00000,1441.26000,25534
20100526,164500,1440.90000,1443.94000,1439.00000,1442.40000,19484
20100526,165000,1441.24000,1442.00000,1436.53000,1437.23000,9448
20100526,165500,1436.85000,1439.74000,1435.00000,1436.60000,39943
20100526,170000,1436.21000,1439.58000,1435.39000,1437.23000,11400
20100526,170500,1437.86000,1441.73000,1437.10000,1441.40000,9802
20100526,171000,1441.40000,1443.43000,1439.07000,1440.56000,10529
20100526,171500,1440.81000,1444.39000,1439.32000,1441.83000,5437
20100526,172000,1441.57000,1442.69000,1439.00000,1440.84000,12026
20100526,172500,1440.77000,1445.00000,1440.07000,1443.00000,10603
20100526,173000,1441.05000,1443.74000,1439.00000,1441.17000,19605
20100526,173500,1441.00000,1444.78000,1439.80000,1443.96000,16699
20100526,174000,1443.79000,1444.48000,1441.32000,1444.00000,10242
20100526,174500,1444.00000,1445.00000,1441.71000,1443.74000,18080
20100526,175000,1443.74000,1446.20000,1439.00000,1445.86000,40424
20100526,175500,1445.14000,1447.40000,1442.00000,1447.40000,32534
20100526,180000,1447.40000,1454.80000,1445.00000,1450.80000,40450
20100526,180500,1450.84000,1452.66000,1446.56000,1449.80000,45392
20100526,181000,1449.80000,1455.00000,1447.56000,1454.33000,15923
20100526,181500,1453.32000,1468.00000,1453.32000,1467.81000,55755
20100526,182000,1466.73000,1466.75000,1458.59000,1458.59000,34579
20100526,182500,1459.00000,1463.30000,1454.87000,1459.41000,26605
20100526,183000,1459.41000,1459.93000,1452.00000,1456.00000,30950
20100526,183500,1455.97000,1460.00000,1450.00000,1458.44000,62809
20100526,184000,1458.43000,1462.61000,1450.30000,1451.31000,105084
20100527,103000,1460.06000,1474.90000,1453.11000,1461.50000,61103
20100527,103500,1461.50000,1476.13000,1461.00000,1476.09000,37643
20100527,104000,1476.48000,1486.02000,1475.26000,1483.00000,63149
20100527,104500,1482.73000,1488.88000,1477.76000,1482.31000,69629
20100527,105000,1481.98000,1482.80000,1479.11000,1479.50000,15882
20100527,105500,1479.25000,1480.00000,1475.15000,1480.00000,20576
20100527,110000,1480.00000,1485.19000,1476.91000,1485.19000,24977
20100527,110500,1485.02000,1495.00000,1485.00000,1490.29000,76641
20100527,111000,1491.00000,1496.70000,1490.13000,1491.78000,60361
20100527,111500,1491.78000,1492.00000,1485.00000,1487.36000,45907
20100527,112000,1487.24000,1488.00000,1480.00000,1483.79000,56712
20100527,112500,1483.79000,1484.00000,1475.96000,1477.93000,42896
20100527,113000,1477.93000,1481.68000,1476.73000,1476.73000,23765
20100527,113500,1476.73000,1478.37000,1472.16000,1474.50000,23859
20100527,114000,1474.39000,1478.41000,1473.52000,1478.41000,26217
20100527,114500,1478.14000,1479.57000,1474.30000,1475.99000,37187
20100527,115000,1475.53000,1475.98000,1470.18000,1472.00000,46836
20100527,115500,1472.00000,1472.67000,1468.02000,1470.00000,33037
20100527,120000,1469.97000,1471.50000,1464.74000,1467.43000,57314
20100527,120500,1466.82000,1471.50000,1466.00000,1470.11000,18098
20100527,121000,1470.11000,1472.00000,1468.51000,1468.73000,12108
20100527,121500,1470.00000,1470.10000,1465.85000,1466.00000,7996
20100527,122000,1466.00000,1466.00000,1458.00000,1458.66000,59512
20100527,122500,1459.85000,1463.00000,1459.85000,1462.53000,36729
20100527,123000,1462.53000,1464.94000,1461.53000,1462.67000,11605
20100527,123500,1462.67000,1463.00000,1455.00000,1460.00000,52355
20100527,124000,1460.00000,1462.00000,1458.50000,1460.00000,21338
20100527,124500,1460.00000,1467.50000,1459.04000,1467.00000,27289
20100527,125000,1467.01000,1470.53000,1466.55000,1469.00000,17384
20100527,125500,1469.00000,1469.26000,1467.00000,1467.93000,17979
20100527,130000,1468.66000,1475.00000,1468.45000,1475.00000,25922
20100527,130500,1474.96000,1481.00000,1472.01000,1476.33000,54874
20100527,131000,1478.16000,1478.29000,1472.26000,1475.11000,12955
20100527,131500,1474.95000,1477.77000,1472.10000,1477.77000,12859
20100527,132000,1477.75000,1488.77000,1477.30000,1482.00000,62850
20100527,132500,1482.05000,1483.30000,1480.21000,1480.32000,6314
20100527,133000,1480.32000,1482.11000,1478.31000,1481.76000,9018
20100527,133500,1481.76000,1482.94000,1477.69000,1478.84000,15387
20100527,134000,1477.75000,1482.83000,1475.00000,1481.42000,13907
20100527,134500,1481.92000,1483.00000,1479.47000,1483.00000,6383
20100527,135000,1483.14000,1484.93000,1480.76000,1482.71000,5632
20100527,135500,1482.98000,1484.89000,1480.74000,1483.68000,24347
20100527,140000,1483.68000,1483.87000,1480.31000,1482.13000,8039
20100527,140500,1482.89000,1487.00000,1480.24000,1485.23000,21003
20100527,141000,1486.67000,1489.75000,1483.92000,1486.67000,20906
20100527,141500,1486.56000,1488.99000,1484.65000,1484.89000,21385
20100527,142000,1484.75000,1486.24000,1483.55000,1484.47000,6915
20100527,142500,1485.72000,1487.95000,1480.01000,1481.25000,14924
20100527,143000,1481.72000,1482.65000,1479.35000,1482.35000,9718
20100527,143500,1482.03000,1482.32000,1479.33000,1481.10000,3026
20100527,144000,1480.04000,1482.00000,1477.06000,1481.06000,6111
20100527,144500,1481.06000,1483.77000,1480.50000,1482.41000,4967
20100527,145000,1482.30000,1500.00000,1482.00000,1498.27000,88779
20100527,145500,1498.27000,1504.50000,1492.00000,1493.14000,75176
20100527,150000,1493.14000,1498.98000,1493.14000,1496.00000,14345
20100527,150500,1496.00000,1497.84000,1491.50000,1491.52000,13897
20100527,151000,1491.81000,1492.01000,1488.98000,1490.00000,8569
20100527,151500,1489.88000,1491.00000,1488.30000,1488.79000,9782
20100527,152000,1489.02000,1489.81000,1485.00000,1488.70000,10303
20100527,152500,1488.70000,1489.04000,1481.12000,1484.30000,21279
20100527,153000,1484.99000,1486.12000,1483.51000,1485.26000,8191
20100527,153500,1485.26000,1489.90000,1483.50000,1488.00000,6089
20100527,154000,1488.18000,1491.00000,1488.00000,1490.99000,11035
20100527,154500,1490.43000,1491.00000,1489.40000,1489.40000,11174
20100527,155000,1489.44000,1492.97000,1489.44000,1492.81000,5350
20100527,155500,1492.83000,1493.00000,1488.75000,1489.11000,11197
20100527,160000,1490.61000,1490.61000,1485.00000,1486.11000,5431
20100527,160500,1486.00000,1489.89000,1485.90000,1489.88000,1961
20100527,161000,1489.89000,1493.00000,1489.89000,1491.46000,3513
20100527,161500,1492.42000,1494.00000,1490.07000,1490.07000,2428
20100527,162000,1490.07000,1494.44000,1490.01000,1493.00000,11770
20100527,162500,1492.94000,1494.00000,1492.05000,1494.00000,3264
20100527,163000,1493.60000,1494.00000,1473.15000,1478.50000,75772
20100527,163500,1478.90000,1487.74000,1478.00000,1484.65000,42515
20100527,164000,1484.27000,1489.00000,1482.50000,1485.50000,43888
20100527,164500,1485.56000,1493.90000,1485.50000,1492.23000,17511
20100527,165000,1491.42000,1495.00000,1485.53000,1487.65000,18814
20100527,165500,1487.65000,1489.59000,1485.00000,1487.00000,22303
20100527,170000,1486.78000,1487.80000,1483.97000,1485.11000,8216
20100527,170500,1485.20000,1487.76000,1483.97000,1487.52000,9792
20100527,171000,1487.46000,1487.98000,1483.91000,1487.24000,17960
20100527,171500,1486.54000,1487.85000,1484.55000,1485.93000,3942
20100527,172000,1485.84000,1486.99000,1480.63000,1482.13000,15026
20100527,172500,1482.01000,1482.48000,1480.04000,1482.35000,5093
20100527,173000,1482.35000,1487.89000,1481.01000,1482.48000,16619
20100527,173500,1482.48000,1484.82000,1477.29000,1477.47000,20060
20100527,174000,1478.10000,1484.50000,1477.44000,1482.73000,13519
20100527,174500,1482.12000,1487.53000,1482.12000,1483.50000,10278
20100527,175000,1483.73000,1485.00000,1480.66000,1483.73000,10589
20100527,175500,1483.73000,1486.88000,1482.76000,1483.74000,11995
20100527,180000,1484.31000,1485.00000,1481.32000,1483.97000,2634
20100527,180500,1483.98000,1493.90000,1483.98000,1491.10000,20072
20100527,181000,1491.40000,1497.46000,1489.57000,1495.20000,24758
20100527,181500,1495.20000,1496.42000,1491.25000,1494.26000,19283
20100527,182000,1492.89000,1497.77000,1491.98000,1497.77000,8941
20100527,182500,1497.00000,1502.24000,1497.00000,1499.76000,66230
20100527,183000,1498.71000,1512.80000,1496.95000,1510.00000,55640
20100527,183500,1510.24000,1515.96000,1506.23000,1508.01000,201377
20100527,184000,1507.90000,1508.01000,1501.00000,1503.99000,47344
20100528,103000,1509.42000,1514.00000,1496.42000,1498.99000,53640
20100528,103500,1498.10000,1507.00000,1498.00000,1503.02000,48920
20100528,104000,1503.03000,1510.62000,1503.03000,1509.01000,35970
20100528,104500,1509.01000,1509.48000,1500.52000,1502.68000,26836
20100528,105000,1502.71000,1506.69000,1500.26000,1505.00000,22861
20100528,105500,1505.00000,1505.04000,1493.02000,1495.18000,92137
20100528,110000,1494.28000,1494.45000,1491.07000,1493.20000,33765
20100528,110500,1492.98000,1493.30000,1482.00000,1485.08000,69505
20100528,111000,1485.95000,1488.70000,1485.00000,1486.36000,23098
20100528,111500,1486.36000,1489.19000,1481.48000,1485.50000,43000
20100528,112000,1485.50000,1485.50000,1479.00000,1480.50000,66226
20100528,112500,1480.98000,1486.48000,1478.11000,1485.12000,17016
20100528,113000,1485.93000,1490.90000,1485.02000,1490.15000,27182
20100528,113500,1490.17000,1493.00000,1488.94000,1491.00000,15782
20100528,114000,1490.85000,1492.70000,1488.45000,1491.90000,12502
20100528,114500,1490.45000,1491.85000,1487.18000,1487.73000,4905
20100528,115000,1488.50000,1493.89000,1487.57000,1493.89000,9779
20100528,115500,1493.90000,1498.80000,1492.61000,1498.77000,149792
20100528,120000,1498.73000,1498.73000,1492.08000,1496.40000,12351
20100528,120500,1496.34000,1496.40000,1491.54000,1493.58000,12119
20100528,121000,1492.67000,1495.45000,1491.63000,1492.71000,10202
20100528,121500,1492.02000,1494.00000,1488.00000,1490.80000,9605
20100528,122000,1490.79000,1493.48000,1490.00000,1491.54000,114810
20100528,122500,1491.00000,1493.49000,1490.07000,1491.63000,78823
20100528,123000,1492.42000,1501.39000,1490.98000,1499.25000,37147
20100528,123500,1499.87000,1500.95000,1492.50000,1500.78000,31531
20100528,124000,1500.14000,1501.94000,1496.13000,1501.00000,34034
20100528,124500,1501.02000,1501.92000,1497.00000,1497.10000,34311
20100528,125000,1497.20000,1499.58000,1495.57000,1497.01000,25818
20100528,125500,1497.06000,1498.38000,1497.00000,1497.00000,2819
20100528,130000,1497.00000,1498.05000,1493.25000,1496.56000,24436
20100528,130500,1496.53000,1497.73000,1492.22000,1495.68000,13690
20100528,131000,1495.72000,1498.47000,1492.64000,1498.34000,6289
20100528,131500,1497.12000,1497.94000,1492.65000,1495.70000,3361
20100528,132000,1495.00000,1496.29000,1490.66000,1490.99000,7065
20100528,132500,1490.99000,1491.88000,1488.90000,1489.94000,13990
20100528,133000,1490.01000,1493.00000,1488.01000,1489.90000,21818
20100528,133500,1489.91000,1493.85000,1489.10000,1493.24000,2575
20100528,134000,1493.84000,1496.10000,1490.56000,1495.44000,7914
20100528,134500,1493.60000,1494.00000,1492.50000,1493.00000,1784
20100528,135000,1492.93000,1493.00000,1490.21000,1491.91000,1831
20100528,135500,1491.02000,1493.00000,1490.21000,1492.11000,1313
20100528,140000,1492.17000,1492.99000,1490.22000,1492.80000,3166
20100528,140500,1492.80000,1497.21000,1491.00000,1494.09000,5478
20100528,141000,1495.37000,1496.77000,1493.21000,1494.56000,1994
20100528,141500,1493.40000,1494.99000,1492.10000,1493.74000,2743
20100528,142000,1493.88000,1495.91000,1493.00000,1495.67000,2202
20100528,142500,1494.61000,1495.67000,1490.43000,1490.49000,5380
20100528,143000,1491.59000,1492.47000,1490.43000,1491.27000,844
20100528,143500,1491.13000,1493.97000,1490.70000,1492.32000,3222
20100528,144000,1492.46000,1494.27000,1491.00000,1492.48000,4990
20100528,144500,1492.56000,1493.25000,1486.22000,1487.50000,14703
20100528,145000,1487.01000,1487.81000,1476.11000,1479.05000,44319
20100528,145500,1479.18000,1484.70000,1478.00000,1483.00000,21171
20100528,150000,1483.00000,1484.38000,1478.21000,1478.25000,17614
20100528,150500,1478.25000,1479.41000,1473.06000,1476.28000,40267
20100528,151000,1475.51000,1477.34000,1475.20000,1476.63000,4351
20100528,151500,1476.62000,1481.52000,1476.62000,1480.00000,11570
20100528,152000,1480.00000,1484.40000,1478.53000,1481.00000,13547
20100528,152500,1480.67000,1482.07000,1478.54000,1480.14000,2837
20100528,153000,1479.76000,1482.68000,1478.00000,1482.00000,2090
20100528,153500,1481.99000,1487.87000,1481.33000,1487.22000,8120
20100528,154000,1487.85000,1489.99000,1485.13000,1489.99000,9998
20100528,154500,1489.48000,1491.00000,1488.00000,1490.01000,9464
20100528,155000,1490.00000,1490.02000,1486.44000,1488.00000,2710
20100528,155500,1488.06000,1488.72000,1483.00000,1484.90000,5886
20100528,160000,1484.99000,1487.00000,1482.70000,1487.00000,5769
20100528,160500,1486.01000,1489.48000,1485.35000,1487.00000,6487
20100528,161000,1487.44000,1489.22000,1486.30000,1489.00000,3044
20100528,161500,1489.00000,1489.81000,1485.22000,1485.50000,7785
20100528,162000,1485.50000,1487.57000,1484.01000,1485.00000,1314
20100528,162500,1484.52000,1485.99000,1481.13000,1482.05000,8458
20100528,163000,1481.45000,1484.88000,1477.02000,1478.63000,18929
20100528,163500,1478.61000,1479.90000,1475.07000,1476.00000,21548
20100528,164000,1476.09000,1480.00000,1476.00000,1478.09000,10569
20100528,164500,1478.09000,1480.00000,1478.09000,1478.82000,8579
20100528,165000,1478.51000,1480.99000,1478.51000,1478.67000,5626
20100528,165500,1478.67000,1480.19000,1476.30000,1476.30000,9354
20100528,170000,1476.42000,1479.45000,1475.00000,1479.09000,21640
20100528,170500,1479.00000,1479.40000,1473.34000,1475.10000,11001
20100528,171000,1476.21000,1477.31000,1473.00000,1473.50000,22424
20100528,171500,1474.00000,1476.46000,1473.51000,1474.15000,4397
20100528,172000,1474.15000,1474.72000,1470.12000,1472.76000,15179
20100528,172500,1472.72000,1474.00000,1471.00000,1471.80000,7187
20100528,173000,1471.56000,1473.33000,1465.00000,1466.86000,34088
20100528,173500,1466.86000,1468.20000,1462.06000,1466.90000,59149
20100528,174000,1466.90000,1467.84000,1461.10000,1463.20000,52446
20100528,174500,1463.11000,1468.99000,1461.79000,1468.14000,13840
20100528,175000,1467.87000,1469.09000,1466.25000,1468.30000,5293
20100528,175500,1468.97000,1476.00000,1465.57000,1474.26000,28079
20100528,180000,1474.26000,1476.00000,1471.85000,1473.00000,11551
20100528,180500,1473.30000,1477.99000,1472.80000,1477.50000,13613
20100528,181000,1477.51000,1479.19000,1474.97000,1477.00000,12925
20100528,181500,1477.73000,1481.78000,1477.12000,1478.97000,20427
20100528,182000,1479.94000,1481.00000,1472.00000,1474.18000,27356
20100528,182500,1473.26000,1478.00000,1473.26000,1476.91000,8086
20100528,183000,1475.69000,1481.07000,1475.00000,1481.00000,11231
20100528,183500,1481.00000,1490.31000,1481.00000,1488.00000,32184
20100528,184000,1487.25000,1488.00000,1476.78000,1476.78000,59473